   20.00000      -10.00000       2.684139       5.613853    
   22.50000      -10.00000       2.690697       4.265779    
   25.00000      -10.00000       1.592541      0.5860656    
   27.50000      -10.00000     -0.3720492      -3.352910    
   30.00000      -10.00000      -2.391557      -4.994221    
   32.50000      -10.00000      -3.030779      -3.929590    
   35.00000      -10.00000      -2.078033      -2.342582    
   37.50000      -10.00000      -1.064139      -2.138279    
   40.00000      -10.00000      -1.069508      -2.875984    
   42.50000      -10.00000      -1.270902      -2.874508    
   45.00000      -10.00000     -0.5336475      -1.649467    
   47.50000      -10.00000     -5.7049181E-02  0.1063934    
   50.00000      -10.00000     -9.7827867E-02   2.019467    
   52.50000      -10.00000      0.2764344       3.441680    
   55.00000      -10.00000       2.370287      0.7661476    
   57.50000      -10.00000       1.227090      -1.461721    
   60.00000      -10.00000     -8.9631148E-02  -2.328607    
   62.50000      -10.00000      -1.979877      -1.930574    
   65.00000      -10.00000      -3.438443      -1.131926    
   67.50000      -10.00000      -3.469221     -0.6226230    
   70.00000      -10.00000      -2.984877      0.3981967    
   72.50000      -10.00000      -2.651803      0.7070082    
   75.00000      -10.00000      -2.556230      0.1995492    
   77.50000      -10.00000      -2.703729     -3.6639344E-02
   80.00000      -10.00000      -3.327131      0.6536065    
   82.50000      -10.00000      -4.041680       1.606107    
   85.00000      -10.00000      -3.948115       1.826762    
   87.50000      -10.00000      -3.363729       1.391680    
   90.00000      -10.00000      -3.643156       1.514590    
   92.50000      -10.00000      -4.767213       2.806762    
   95.00000      -10.00000      -5.359303       3.924713    
   97.50000      -10.00000      -4.991189       3.845984    
   100.0000      -10.00000      -4.370533       3.718033    
   102.5000      -10.00000      -3.790287       4.130492    
   105.0000      -10.00000      -3.120984       3.685000    
   107.5000      -10.00000      -2.715533       1.855574    
   110.0000      -10.00000      -2.733074      0.5603688    
   112.5000      -10.00000      -2.333565       1.265164    
   115.0000      -10.00000      -1.116721       2.369467    
   117.5000      -10.00000      9.8360656E-04   2.041598    
   120.0000      -10.00000      0.5357787       1.165779    
   122.5000      -10.00000       1.108320      0.8279508    
   125.0000      -10.00000       1.774836      0.4538935    
   127.5000      -10.00000       1.651926     -0.2879508    
   130.0000      -10.00000      0.7509426     -0.9063115    
   132.5000      -10.00000     -0.1118033     -0.9840164    
   135.0000      -10.00000     -0.7598361     -0.7022951    
   137.5000      -10.00000      -1.507746     -0.6278279    
   140.0000      -10.00000      -1.822254     -0.3668033    
   142.5000      -10.00000      -1.153730      0.3981557    
   145.0000      -10.00000     -0.5227049      0.8103688    
   147.5000      -10.00000     -0.4556557       1.129385    
   150.0000      -10.00000     -0.4949590       2.073565    
   152.5000      -10.00000     -0.4585246       2.644344    
   155.0000      -10.00000     -0.5358607       1.948361    
   157.5000      -10.00000     -0.6441393      0.7957787    
   160.0000      -10.00000     -0.3202049      3.3032786E-02
   162.5000      -10.00000      0.2904098     -0.4509836    
   165.0000      -10.00000      0.8448771     -0.7441803    
   167.5000      -10.00000       1.483074     -0.2574180    
   170.0000      -10.00000       1.767541      0.4241803    
   172.5000      -10.00000       1.130902      0.1093033    
   175.0000      -10.00000      0.5324180     -0.2595492    
   177.5000      -10.00000      0.1211475     -8.2909837E-02
   180.0000      -10.00000      -1.586680      9.4631150E-02
   182.5000      -10.00000      -3.425656       1.143115    
   185.0000      -10.00000      -2.553238       2.190328    
   187.5000      -10.00000     -0.1900410      0.9441803    
   190.0000      -10.00000      0.5811476      -1.479139    
   192.5000      -10.00000      0.5660246      -2.785205    
   195.0000      -10.00000       1.598238      -2.801680    
   197.5000      -10.00000       1.931434      -3.043566    
   200.0000      -10.00000     -0.4162295      -4.624590    
   202.5000      -10.00000      -3.422049      -5.308894    
   205.0000      -10.00000      -4.142049      -3.241885    
   207.5000      -10.00000      -3.317746      -1.519016    
   210.0000      -10.00000      -3.315451      -2.101066    
   212.5000      -10.00000      -4.147459      -2.608074    
   215.0000      -10.00000      -4.449303      -1.795164    
   217.5000      -10.00000      -3.734467     -0.8200819    
   220.0000      -10.00000      -2.895123     -0.4522951    
   222.5000      -10.00000      -3.214877     -0.2988115    
   225.0000      -10.00000      -4.155492      2.0614754E-02
   227.5000      -10.00000      -4.640984      0.2543443    
   230.0000      -10.00000      -5.132500      0.4081148    
   232.5000      -10.00000      -5.676065      0.7364344    
   235.0000      -10.00000      -5.622705       1.199590    
   237.5000      -10.00000      -5.320738       1.580328    
   240.0000      -10.00000      -5.315738       1.636844    
   242.5000      -10.00000      -5.321721       1.651025    
   245.0000      -10.00000      -5.032418       1.906762    
   247.5000      -10.00000      -4.710369       1.991189    
   250.0000      -10.00000      -4.567623       2.015984    
   252.5000      -10.00000      -4.429713       2.396639    
   255.0000      -10.00000      -4.240328       2.739426    
   257.5000      -10.00000      -4.108402       2.786311    
   260.0000      -10.00000      -3.969795       2.740943    
   262.5000      -10.00000      -3.860943       2.605738    
   265.0000      -10.00000      -3.723074       2.436557    
   267.5000      -10.00000      -3.321844       2.478279    
   270.0000      -10.00000      -2.879057       2.593688    
   272.5000      -10.00000      -2.537951       2.530615    
   275.0000      -10.00000      -2.111229       2.502213    
   277.5000      -10.00000      -1.703197       2.928033    
   280.0000      -10.00000      -1.373648       4.287664    
   282.5000      -10.00000      -1.354754       6.483320    
   285.0000      -10.00000      -1.994180       8.260860    
   287.5000      -10.00000      -2.333402       8.519713    
   290.0000      -10.00000      -1.030697       7.492254    
   292.5000      -10.00000       1.344795       5.810369    
   295.0000      -10.00000       3.068279       3.454754    
   297.5000      -10.00000       3.352664      0.4261066    
   300.0000      -10.00000       2.594016      -2.418033    
   302.5000      -10.00000       1.650000      -4.029181    
   305.0000      -10.00000       1.442664      -4.243894    
   307.5000      -10.00000       1.949016      -3.959508    
   310.0000      -10.00000       1.929180      -4.075615    
   312.5000      -10.00000      0.8719672      -4.080697    
   315.0000      -10.00000     -0.4140984      -2.897213    
   317.5000      -10.00000      -1.711598      -1.313852    
   320.0000      -10.00000      -3.313238      -1.037500    
   322.5000      -10.00000      -4.537664      -1.439590    
   325.0000      -10.00000      -5.047623     -0.6801639    
   327.5000      -10.00000      -5.926147      0.7409016    
   330.0000      -10.00000      -7.397500       1.437787    
   332.5000      -10.00000      -7.894713       1.891721    
   335.0000      -10.00000      -7.091640       2.574672    
   337.5000      -10.00000      -6.717090       2.689098    
   340.0000      -10.00000      -6.912992       2.406312    
   342.5000      -10.00000      -6.236639       2.831393    
   345.0000      -10.00000      -5.078730       3.643074    
   347.5000      -10.00000      -4.698565       4.046844    
   350.0000      -10.00000      -4.827787       4.228689    
   352.5000      -10.00000      -4.734098       4.057295    
   355.0000      -10.00000      -4.186598       3.708853    
   357.5000      -10.00000      -3.361762       4.160164    
   360.0000      -10.00000      -2.997951       4.841967    
   362.5000      -10.00000      -2.901680       4.755369    
   365.0000      -10.00000      -1.999467       4.800656    
   367.5000      -10.00000     -0.7058197       5.538156    
   370.0000      -10.00000     -4.5368854E-02   5.878074    
   372.5000      -10.00000      9.5532790E-02   5.268074    
   375.0000      -10.00000      0.5027459       4.664918    
   377.5000      -10.00000       1.623934       5.058525    
   20.00000      -7.500000       2.482254       5.548524    
   22.50000      -7.500000       2.464221       4.265984    
   25.00000      -7.500000       1.418238       1.108607    
   27.50000      -7.500000     -0.6914754      -2.177951    
   30.00000      -7.500000      -3.100123      -2.949098    
   32.50000      -7.500000      -3.667705      -1.447131    
   35.00000      -7.500000      -2.102213     -0.4672131    
   37.50000      -7.500000      -1.118525      -1.255943    
   40.00000      -7.500000      -1.967746      -2.757213    
   42.50000      -7.500000      -2.732705      -3.290820    
   45.00000      -7.500000      -1.900082      -1.970369    
   47.50000      -7.500000     -0.3539754      0.4154918    
   50.00000      -7.500000      0.8338115       2.199877    
   52.50000      -7.500000       1.237869       2.097951    
   55.00000      -7.500000       1.435451      0.4204098    
   57.50000      -7.500000       1.050574      -1.270328    
   60.00000      -7.500000      0.2174590      -2.097418    
   62.50000      -7.500000      -1.196516      -1.852541    
   65.00000      -7.500000      -2.108197      -1.823689    
   67.50000      -7.500000      -1.302746      -1.579918    
   70.00000      -7.500000     -0.6145082     -0.4433607    
   72.50000      -7.500000     -0.7052049      0.4397951    
   75.00000      -7.500000     -0.7798361      0.2318852    
   77.50000      -7.500000     -0.7241803     -0.5146722    
   80.00000      -7.500000      -1.153770     -0.5564754    
   82.50000      -7.500000      -1.930697      0.5567623    
   85.00000      -7.500000      -2.443484       2.004508    
   87.50000      -7.500000      -2.305943       2.721393    
   90.00000      -7.500000      -2.011065       2.662705    
   92.50000      -7.500000      -2.412049       2.872910    
   95.00000      -7.500000      -3.136639       3.723525    
   97.50000      -7.500000      -3.020205       4.373320    
   100.0000      -7.500000      -1.769713       4.148320    
   102.5000      -7.500000     -0.6744672       2.656844    
   105.0000      -7.500000     -0.8394672      0.3635656    
   107.5000      -7.500000     -0.9744262      -1.083361    
   110.0000      -7.500000      1.7131148E-02 -0.9179099    
   112.5000      -7.500000      0.6925410     -0.1649590    
   115.0000      -7.500000      0.4080328     -8.8729508E-02
   117.5000      -7.500000      0.2686885     -0.5550000    
   120.0000      -7.500000      0.2617213     -0.5229508    
   122.5000      -7.500000      6.7254096E-02 -2.9549180E-02
   125.0000      -7.500000      0.7103279     -0.2157377    
   127.5000      -7.500000       2.017090      -1.094180    
   130.0000      -7.500000       1.892213      -1.475697    
   132.5000      -7.500000      9.4672129E-02  -1.070902    
   135.0000      -7.500000      -1.139221     -0.5589754    
   137.5000      -7.500000     -0.7873361     -0.3951639    
   140.0000      -7.500000      0.3397541     -0.3302869    
   142.5000      -7.500000       1.505000     -0.1382787    
   145.0000      -7.500000       2.074344      5.0778687E-02
   147.5000      -7.500000       1.816066      0.1056967    
   150.0000      -7.500000      0.9102049      0.1668443    
   152.5000      -7.500000      6.8483606E-02  0.5429918    
   155.0000      -7.500000     -2.8278688E-03  0.7137295    
   157.5000      -7.500000      0.4231557      0.1583197    
   160.0000      -7.500000      0.5130737     -0.4665164    
   162.5000      -7.500000      0.4089344     -0.6990164    
   165.0000      -7.500000       1.267459     -0.7939344    
   167.5000      -7.500000       2.583238     -0.8416803    
   170.0000      -7.500000       2.393115      -1.185615    
   172.5000      -7.500000       1.244180      -1.850451    
   175.0000      -7.500000       1.207787      -1.583320    
   177.5000      -7.500000      0.9993852     -0.1707377    
   180.0000      -7.500000      -1.297746      0.9275000    
   182.5000      -7.500000      -3.349590       1.009918    
   185.0000      -7.500000      -2.458688      0.2025820    
   187.5000      -7.500000      0.2754098      -1.270697    
   190.0000      -7.500000       1.958525      -3.162869    
   192.5000      -7.500000       1.476475      -4.940656    
   195.0000      -7.500000      0.5150000      -5.472746    
   197.5000      -7.500000     -6.7172132E-02  -4.754098    
   200.0000      -7.500000      -1.569918      -3.995000    
   202.5000      -7.500000      -3.580697      -3.038770    
   205.0000      -7.500000      -4.338811      -1.619508    
   207.5000      -7.500000      -4.393607     -0.9840984    
   210.0000      -7.500000      -5.055902      -1.124262    
   212.5000      -7.500000      -5.847623      -1.072992    
   215.0000      -7.500000      -5.909017      -1.016312    
   217.5000      -7.500000      -5.214836     -0.7411066    
   220.0000      -7.500000      -4.666189      0.2274590    
   222.5000      -7.500000      -5.082664       1.132787    
   225.0000      -7.500000      -5.647623       1.067869    
   227.5000      -7.500000      -5.660861      0.4997951    
   230.0000      -7.500000      -5.763566      0.6667213    
   232.5000      -7.500000      -6.072336       1.365902    
   235.0000      -7.500000      -6.116680       1.627582    
   237.5000      -7.500000      -5.856148       1.678689    
   240.0000      -7.500000      -5.438115       1.759221    
   242.5000      -7.500000      -5.102705       1.751762    
   245.0000      -7.500000      -5.002951       1.950205    
   247.5000      -7.500000      -4.950819       2.277090    
   250.0000      -7.500000      -4.771598       2.514262    
   252.5000      -7.500000      -4.374795       2.804795    
   255.0000      -7.500000      -3.980451       3.097623    
   257.5000      -7.500000      -3.890410       3.124098    
   260.0000      -7.500000      -3.801926       2.931230    
   262.5000      -7.500000      -3.636844       2.899262    
   265.0000      -7.500000      -3.508647       2.950902    
   267.5000      -7.500000      -3.075205       2.866926    
   270.0000      -7.500000      -2.587623       2.806926    
   272.5000      -7.500000      -2.671434       2.734754    
   275.0000      -7.500000      -2.791475       2.805287    
   277.5000      -7.500000      -1.828566       3.245000    
   280.0000      -7.500000     -0.3184426       3.575328    
   282.5000      -7.500000     -0.2665984       3.388484    
   285.0000      -7.500000      -1.765000       3.206557    
   287.5000      -7.500000      -2.163115       3.971025    
   290.0000      -7.500000     -0.1713934       5.194304    
   292.5000      -7.500000       2.253443       4.798565    
   295.0000      -7.500000       3.407336       2.102459    
   297.5000      -7.500000       3.617582      -1.302582    
   300.0000      -7.500000       3.407787      -3.442951    
   302.5000      -7.500000       2.995820      -3.236107    
   305.0000      -7.500000       2.956025      -1.815943    
   307.5000      -7.500000       3.319262      -1.956680    
   310.0000      -7.500000       2.981230      -4.272910    
   312.5000      -7.500000       1.699836      -5.537049    
   315.0000      -7.500000      0.5277049      -3.401230    
   317.5000      -7.500000     -0.8713524     -0.8036885    
   320.0000      -7.500000      -3.149754     -0.7407787    
   322.5000      -7.500000      -4.513730     -0.9490574    
   325.0000      -7.500000      -4.086844      0.5326229    
   327.5000      -7.500000      -4.445041       1.636885    
   330.0000      -7.500000      -6.696885       1.427049    
   332.5000      -7.500000      -8.026926       1.641066    
   335.0000      -7.500000      -7.035328       2.417828    
   337.5000      -7.500000      -5.800533       2.449672    
   340.0000      -7.500000      -5.473320       2.334754    
   342.5000      -7.500000      -5.309426       3.117787    
   345.0000      -7.500000      -4.938033       3.947049    
   347.5000      -7.500000      -4.202664       3.988443    
   350.0000      -7.500000      -3.189426       3.742746    
   352.5000      -7.500000      -2.892664       3.670287    
   355.0000      -7.500000      -3.385984       3.900902    
   357.5000      -7.500000      -3.273812       4.537623    
   360.0000      -7.500000      -2.340123       4.867582    
   362.5000      -7.500000      -1.589836       4.113442    
   365.0000      -7.500000      -1.174713       2.870574    
   367.5000      -7.500000     -0.8182787       2.245369    
   370.0000      -7.500000     -0.5030738       2.716393    
   372.5000      -7.500000     -9.8483607E-02   3.930205    
   375.0000      -7.500000      0.5749180       4.969590    
   377.5000      -7.500000       1.605328       5.498402    
   20.00000      -5.000000       2.039672       4.512049    
   22.50000      -5.000000       2.171025       3.471967    
   25.00000      -5.000000       1.259303       1.397459    
   27.50000      -5.000000     -0.9291393      -1.028402    
   30.00000      -5.000000      -3.611352      -1.321639    
   32.50000      -5.000000      -4.391557      0.2304918    
   35.00000      -5.000000      -2.724959      0.4800000    
   37.50000      -5.000000      -1.632131      -1.078730    
   40.00000      -5.000000      -2.531803      -2.389467    
   42.50000      -5.000000      -3.218197      -2.329467    
   45.00000      -5.000000      -2.329221      -1.104836    
   47.50000      -5.000000     -0.3588115      0.4609426    
   50.00000      -5.000000       1.430902      0.9366803    
   52.50000      -5.000000       2.001065     -6.6844262E-02
   55.00000      -5.000000       1.597213      -1.249549    
   57.50000      -5.000000      0.8315574      -1.806148    
   60.00000      -5.000000      0.3362705      -2.156025    
   62.50000      -5.000000     -0.9754099      -1.815738    
   65.00000      -5.000000      -1.857049      -1.463852    
   67.50000      -5.000000      -1.081598      -1.162008    
   70.00000      -5.000000     -0.1301229     -0.5386885    
   72.50000      -5.000000     -0.2962295      5.9016392E-02
   75.00000      -5.000000     -0.9994672      3.5286885E-02
   77.50000      -5.000000      -1.009180     -0.4917623    
   80.00000      -5.000000     -6.1639342E-02 -0.4252459    
   82.50000      -5.000000      0.4412295      0.7452869    
   85.00000      -5.000000     -0.8079508       2.531598    
   87.50000      -5.000000      -2.360000       4.033730    
   90.00000      -5.000000      -2.234959       4.252705    
   92.50000      -5.000000      -1.246393       3.287664    
   95.00000      -5.000000     -0.9171721       3.063934    
   97.50000      -5.000000     -0.3878279       4.450737    
   100.0000      -5.000000       1.394754       4.546516    
   102.5000      -5.000000       2.303853       1.200164    
   105.0000      -5.000000      0.6982377      -2.167705    
   107.5000      -5.000000     -0.5576230      -2.099303    
   110.0000      -5.000000      0.6263934     -0.6687295    
   112.5000      -5.000000       1.848607     -0.7395902    
   115.0000      -5.000000       1.483853      -1.487131    
   117.5000      -5.000000      0.7688115      -1.358279    
   120.0000      -5.000000      0.1517623     -0.7072951    
   122.5000      -5.000000     -0.5759016     -0.2981557    
   125.0000      -5.000000     -0.5670492     -0.3037295    
   127.5000      -5.000000      0.3303688     -0.5955328    
   130.0000      -5.000000      0.7832377     -0.5971311    
   132.5000      -5.000000      0.1192213     -9.1803279E-03
   135.0000      -5.000000     -0.5168852      0.5635246    
   137.5000      -5.000000      0.1753279      0.5120492    
   140.0000      -5.000000       2.030492     -2.5450820E-02
   142.5000      -5.000000       3.681557     -0.2304098    
   145.0000      -5.000000       3.817828      0.2866803    
   147.5000      -5.000000       2.401844      0.1714344    
   150.0000      -5.000000      0.7372131     -0.7620082    
   152.5000      -5.000000      0.1338525     -0.2309426    
   155.0000      -5.000000      0.6434016       1.472090    
   157.5000      -5.000000       1.463688       1.323279    
   160.0000      -5.000000       1.582008     -0.2634836    
   162.5000      -5.000000       1.046926      -1.014836    
   165.0000      -5.000000       1.035123      -1.412582    
   167.5000      -5.000000       1.413484      -2.014057    
   170.0000      -5.000000      0.9837295      -2.252254    
   172.5000      -5.000000      0.2896312      -2.503852    
   175.0000      -5.000000      0.3525820      -2.355205    
   177.5000      -5.000000      0.4549180     -0.4662295    
   180.0000      -5.000000     -0.4395082       1.744754    
   182.5000      -5.000000      -1.885123       1.248238    
   185.0000      -5.000000      -2.155984      -1.371516    
   187.5000      -5.000000     -0.5100000      -3.022951    
   190.0000      -5.000000      0.9482787      -3.217664    
   192.5000      -5.000000      6.2377051E-02  -3.371025    
   195.0000      -5.000000      -1.816844      -3.592500    
   197.5000      -5.000000      -2.846353      -3.266516    
   200.0000      -5.000000      -3.567336      -2.535041    
   202.5000      -5.000000      -4.097828      -1.792664    
   205.0000      -5.000000      -4.086352      -1.178484    
   207.5000      -5.000000      -4.485983     -0.8224590    
   210.0000      -5.000000      -5.550983     -0.4929098    
   212.5000      -5.000000      -6.392377     -8.1352457E-02
   215.0000      -5.000000      -6.674754     -0.1550000    
   217.5000      -5.000000      -6.623893     -0.1080738    
   220.0000      -5.000000      -6.625123       1.025656    
   222.5000      -5.000000      -6.733156       1.977377    
   225.0000      -5.000000      -6.743689       1.657623    
   227.5000      -5.000000      -6.755082       1.211844    
   230.0000      -5.000000      -6.729713       1.569262    
   232.5000      -5.000000      -6.562131       2.126107    
   235.0000      -5.000000      -6.421352       2.285656    
   237.5000      -5.000000      -6.197623       2.310861    
   240.0000      -5.000000      -5.696352       2.356230    
   242.5000      -5.000000      -5.279508       2.295902    
   245.0000      -5.000000      -5.177582       2.367254    
   247.5000      -5.000000      -5.037541       2.689590    
   250.0000      -5.000000      -4.711885       2.972049    
   252.5000      -5.000000      -4.334016       3.091557    
   255.0000      -5.000000      -4.042418       3.165902    
   257.5000      -5.000000      -3.902377       3.181967    
   260.0000      -5.000000      -3.651557       3.231312    
   262.5000      -5.000000      -3.317705       3.403443    
   265.0000      -5.000000      -3.328443       3.247910    
   267.5000      -5.000000      -3.308852       2.816557    
   270.0000      -5.000000      -2.586189       2.739549    
   272.5000      -5.000000      -1.781066       2.874631    
   275.0000      -5.000000      -1.522582       3.137787    
   277.5000      -5.000000     -0.6118852       3.461680    
   280.0000      -5.000000       1.605984       2.781025    
   282.5000      -5.000000       3.181557       1.417582    
   285.0000      -5.000000       2.684467       1.728115    
   287.5000      -5.000000       1.587951       3.755615    
   290.0000      -5.000000       1.671885       4.516516    
   292.5000      -5.000000       2.596885       2.813607    
   295.0000      -5.000000       3.055205      0.2059836    
   297.5000      -5.000000       2.657623      -2.260205    
   300.0000      -5.000000       2.236434      -3.642541    
   302.5000      -5.000000       2.667582      -2.011803    
   305.0000      -5.000000       3.459262       1.203074    
   307.5000      -5.000000       3.296393       1.096230    
   310.0000      -5.000000       2.051926      -2.507131    
   312.5000      -5.000000      0.9154918      -3.903688    
   315.0000      -5.000000      0.1194672      -1.434754    
   317.5000      -5.000000      -1.626230     -0.2682377    
   320.0000      -5.000000      -4.169221      -1.748607    
   322.5000      -5.000000      -5.126639      -1.000656    
   325.0000      -5.000000      -3.971885       2.166598    
   327.5000      -5.000000      -3.578279       2.778033    
   330.0000      -5.000000      -5.411025      0.6515983    
   332.5000      -5.000000      -6.979180     -3.5040982E-02
   335.0000      -5.000000      -6.332582       1.264795    
   337.5000      -5.000000      -4.921762       2.030246    
   340.0000      -5.000000      -4.722131       2.152418    
   342.5000      -5.000000      -5.420861       2.960246    
   345.0000      -5.000000      -5.319180       3.999057    
   347.5000      -5.000000      -4.108033       4.054713    
   350.0000      -5.000000      -3.021394       3.550205    
   352.5000      -5.000000      -2.773074       3.973074    
   355.0000      -5.000000      -3.127828       5.262582    
   357.5000      -5.000000      -3.447746       5.860082    
   360.0000      -5.000000      -3.206680       5.264631    
   362.5000      -5.000000      -2.491271       4.366312    
   365.0000      -5.000000      -1.566680       3.162869    
   367.5000      -5.000000     -0.6242213       1.142992    
   370.0000      -5.000000      8.6557373E-02  4.9057376E-02
   372.5000      -5.000000      0.5327049       1.669836    
   375.0000      -5.000000      0.8850410       4.160984    
   377.5000      -5.000000       1.406475       5.017295    
   20.00000      -2.500000       1.699098       1.842869    
   22.50000      -2.500000       1.888648       1.532828    
   25.00000      -2.500000      0.9761066      0.8119672    
   27.50000      -2.500000      -1.235246     -0.4253688    
   30.00000      -2.500000      -3.655656     -0.3843033    
   32.50000      -2.500000      -4.313279      0.7684426    
   35.00000      -2.500000      -3.100615      0.5754918    
   37.50000      -2.500000      -2.339918      -1.059385    
   40.00000      -2.500000      -3.030000      -1.975820    
   42.50000      -2.500000      -3.489303      -1.501680    
   45.00000      -2.500000      -2.597049     -0.8255328    
   47.50000      -2.500000      -1.174836     -0.7655328    
   50.00000      -2.500000     -0.2602049      -1.297459    
   52.50000      -2.500000      0.2865984      -2.029590    
   55.00000      -2.500000      0.1201230      -2.624836    
   57.50000      -2.500000     -0.5836885      -2.531762    
   60.00000      -2.500000     -0.7818443      -2.178074    
   62.50000      -2.500000      -1.467582      -1.792254    
   65.00000      -2.500000      -1.955164      -1.053033    
   67.50000      -2.500000      -1.529344     -0.2093852    
   70.00000      -2.500000     -0.9326230      6.7663938E-02
   72.50000      -2.500000      -1.083320     -8.9221314E-02
   75.00000      -2.500000      -1.256721     -0.5759016    
   77.50000      -2.500000     -0.3736066      -1.236475    
   80.00000      -2.500000       1.147336      -1.275451    
   82.50000      -2.500000       1.891475     -0.9324180    
   85.00000      -2.500000       1.198689     -0.7026230    
   87.50000      -2.500000     -2.7049180E-02  0.1372131    
   90.00000      -2.500000     -0.5231967       1.170861    
   92.50000      -2.500000      5.7991803E-02  0.8062295    
   95.00000      -2.500000       1.551557      0.3381967    
   97.50000      -2.500000       3.510328       2.022541    
   100.0000      -2.500000       4.484590       3.226270    
   102.5000      -2.500000       3.070205      0.5793852    
   105.0000      -2.500000      0.5071312      -3.039344    
   107.5000      -2.500000     -0.6145902      -3.094221    
   110.0000      -2.500000     -0.1634426     -0.7753689    
   112.5000      -2.500000      0.3226639     -0.2877459    
   115.0000      -2.500000      0.5173361      -1.709426    
   117.5000      -2.500000      0.8062295      -1.846803    
   120.0000      -2.500000      0.9463115     -0.1642623    
   122.5000      -2.500000      0.6991803      0.9404098    
   125.0000      -2.500000      0.1399180      0.3022951    
   127.5000      -2.500000     -0.5181967     -0.6216803    
   130.0000      -2.500000     -0.4714344     -0.3686475    
   132.5000      -2.500000      0.5383607      0.4246721    
   135.0000      -2.500000       1.444918      0.5828689    
   137.5000      -2.500000       1.883893      5.3196721E-02
   140.0000      -2.500000       3.065287     -0.7251229    
   142.5000      -2.500000       4.847787     -0.8890574    
   145.0000      -2.500000       4.738524     -0.1608197    
   147.5000      -2.500000       2.592828     -0.1838115    
   150.0000      -2.500000       1.308566      -1.170615    
   152.5000      -2.500000       1.429795     -0.4238525    
   155.0000      -2.500000       1.564098       2.103647    
   157.5000      -2.500000       1.989016       2.749303    
   160.0000      -2.500000       2.781844      0.7097541    
   162.5000      -2.500000       2.349426      -1.196475    
   165.0000      -2.500000      0.1237705      -1.840738    
   167.5000      -2.500000      -1.666148      -1.959221    
   170.0000      -2.500000     -0.7315164      -1.858320    
   172.5000      -2.500000      0.9915164      -1.771557    
   175.0000      -2.500000      0.5250000      -1.429959    
   177.5000      -2.500000      8.1967209E-03 -0.1095082    
   180.0000      -2.500000       1.241926       1.325533    
   182.5000      -2.500000      0.8527049       1.192336    
   185.0000      -2.500000      -1.691311     -0.4865574    
   187.5000      -2.500000      -2.548729      -2.037377    
   190.0000      -2.500000      -1.557377      -1.561598    
   192.5000      -2.500000      -1.767828      0.7911885    
   195.0000      -2.500000      -3.397090       1.968688    
   197.5000      -2.500000      -4.601516      0.2265574    
   200.0000      -2.500000      -5.015000      -2.025123    
   202.5000      -2.500000      -5.069098      -2.252459    
   205.0000      -2.500000      -4.977008      -1.231557    
   207.5000      -2.500000      -5.201148     -0.8498771    
   210.0000      -2.500000      -5.859385      -1.070492    
   212.5000      -2.500000      -6.482090     -0.7460656    
   215.0000      -2.500000      -6.772787      7.4631147E-02
   217.5000      -2.500000      -6.996598      0.6528279    
   220.0000      -2.500000      -7.449344      0.7743853    
   222.5000      -2.500000      -7.623197      0.7000410    
   225.0000      -2.500000      -7.279344      0.9589344    
   227.5000      -2.500000      -7.195902       1.467090    
   230.0000      -2.500000      -7.425738       1.583688    
   232.5000      -2.500000      -7.223525       1.564303    
   235.0000      -2.500000      -6.649508       1.913361    
   237.5000      -2.500000      -6.217951       2.197377    
   240.0000      -2.500000      -6.050000       2.123811    
   242.5000      -2.500000      -6.034303       2.168812    
   245.0000      -2.500000      -5.805246       2.598074    
   247.5000      -2.500000      -5.172295       2.915656    
   250.0000      -2.500000      -4.658607       2.732336    
   252.5000      -2.500000      -4.586311       2.536189    
   255.0000      -2.500000      -4.510901       2.781025    
   257.5000      -2.500000      -4.032295       3.233525    
   260.0000      -2.500000      -3.310574       3.533279    
   262.5000      -2.500000      -2.848074       3.271065    
   265.0000      -2.500000      -3.035656       2.466967    
   267.5000      -2.500000      -3.358443       2.140861    
   270.0000      -2.500000      -2.532992       2.517746    
   272.5000      -2.500000     -0.5845082       2.642582    
   275.0000      -2.500000      0.7772541       2.724057    
   277.5000      -2.500000       1.332459       3.231885    
   280.0000      -2.500000       2.836352       3.163975    
   282.5000      -2.500000       4.855820       2.569221    
   285.0000      -2.500000       5.016434       3.334139    
   287.5000      -2.500000       3.454057       4.801517    
   290.0000      -2.500000       2.181762       3.936885    
   292.5000      -2.500000       1.814139       1.185000    
   295.0000      -2.500000       1.505082     -0.6911885    
   297.5000      -2.500000      0.8333197      -1.752664    
   300.0000      -2.500000      0.6397131      -2.355656    
   302.5000      -2.500000       1.550902     -0.4943852    
   305.0000      -2.500000       2.482664       2.742664    
   307.5000      -2.500000       1.948893       2.741762    
   310.0000      -2.500000      0.5111885     -8.3401643E-02
   312.5000      -2.500000     -0.2714754     -0.8560246    
   315.0000      -2.500000      -1.005820      0.4203689    
   317.5000      -2.500000      -3.014754     -0.4750000    
   320.0000      -2.500000      -5.103279      -2.921107    
   322.5000      -2.500000      -5.282746      -1.966721    
   325.0000      -2.500000      -3.867541       2.295861    
   327.5000      -2.500000      -3.037254       4.187992    
   330.0000      -2.500000      -3.872049       1.677336    
   332.5000      -2.500000      -4.947090     -0.7609016    
   335.0000      -2.500000      -4.893771      0.2737705    
   337.5000      -2.500000      -4.552377       2.456967    
   340.0000      -2.500000      -5.153033       2.855410    
   342.5000      -2.500000      -5.980451       2.538320    
   345.0000      -2.500000      -5.605205       3.234262    
   347.5000      -2.500000      -4.593647       3.957090    
   350.0000      -2.500000      -4.162500       3.847459    
   352.5000      -2.500000      -3.701393       4.443647    
   355.0000      -2.500000      -2.962910       6.114385    
   357.5000      -2.500000      -3.120000       6.399057    
   360.0000      -2.500000      -3.722541       4.807787    
   362.5000      -2.500000      -3.246475       3.959467    
   365.0000      -2.500000      -1.816639       3.983975    
   367.5000      -2.500000     -0.1678279       2.545164    
   370.0000      -2.500000       1.267418      0.7021312    
   372.5000      -2.500000       1.818525       1.104467    
   375.0000      -2.500000       1.505820       2.507705    
   377.5000      -2.500000       1.322623       2.543238    
   20.00000       0.000000       1.139549      -1.378361    
   22.50000       0.000000       1.238484      -1.122664    
   25.00000       0.000000      0.2415164     -0.8046721    
   27.50000       0.000000      -1.692172     -0.4806148    
   30.00000       0.000000      -3.296352      0.4125000    
   32.50000       0.000000      -3.694139       1.455369    
   35.00000       0.000000      -3.485410       1.362910    
   37.50000       0.000000      -3.661926     -0.1918443    
   40.00000       0.000000      -4.126844      -1.965697    
   42.50000       0.000000      -4.036189      -2.586721    
   45.00000       0.000000      -3.212500      -2.278934    
   47.50000       0.000000      -2.606885      -2.145410    
   50.00000       0.000000      -2.678934      -2.608443    
   52.50000       0.000000      -2.913566      -3.347254    
   55.00000       0.000000      -2.656025      -3.866475    
   57.50000       0.000000      -2.060451      -3.532418    
   60.00000       0.000000      -2.073853      -2.847295    
   62.50000       0.000000      -1.747295      -2.462377    
   65.00000       0.000000      -1.495287      -1.692828    
   67.50000       0.000000      -1.884221     -0.4050000    
   70.00000       0.000000      -2.688443      0.2361475    
   72.50000       0.000000      -2.631475     -0.3556967    
   75.00000       0.000000     -0.6221312      -1.521393    
   77.50000       0.000000       1.735984      -2.881025    
   80.00000       0.000000       1.414139      -4.090287    
   82.50000       0.000000     -0.1452459      -5.123443    
   85.00000       0.000000      0.6227869      -5.989549    
   87.50000       0.000000       2.276803      -5.703484    
   90.00000       0.000000       1.722746      -4.230615    
   92.50000       0.000000      0.6692213      -3.146394    
   95.00000       0.000000       2.376148      -2.317418    
   97.50000       0.000000       5.076517     -0.4920902    
   100.0000       0.000000       4.494549      0.7056558    
   102.5000       0.000000       1.094754      -1.208361    
   105.0000       0.000000      -1.303525      -4.740697    
   107.5000       0.000000      -1.645369      -5.361844    
   110.0000       0.000000      -1.424959      -2.099057    
   112.5000       0.000000      -1.081393      0.1095902    
   115.0000       0.000000      1.3360656E-02  -1.405574    
   117.5000       0.000000       1.369549      -2.417787    
   120.0000       0.000000       1.928197      3.6721312E-02
   122.5000       0.000000       1.972254       2.115451    
   125.0000       0.000000       1.874303      0.2552049    
   127.5000       0.000000       1.067131      -2.531598    
   130.0000       0.000000      0.2831148      -2.437213    
   132.5000       0.000000       1.089508      -1.071680    
   135.0000       0.000000       2.623976      -1.091926    
   137.5000       0.000000       3.079631      -1.782090    
   140.0000       0.000000       3.222008      -2.153770    
   142.5000       0.000000       4.027213      -2.310246    
   145.0000       0.000000       3.962664      -1.738074    
   147.5000       0.000000       2.759385     -0.8939344    
   150.0000       0.000000       2.393688      -1.018197    
   152.5000       0.000000       2.522828      -1.058238    
   155.0000       0.000000       1.974016      0.4063115    
   157.5000       0.000000       1.987131       1.798033    
   160.0000       0.000000       2.579836      0.8720902    
   162.5000       0.000000       1.461967      -1.150451    
   165.0000       0.000000      -1.436844      -1.330861    
   167.5000       0.000000      -2.845533     -0.1945492    
   170.0000       0.000000     -0.9676639     -0.1997541    
   172.5000       0.000000      0.8909016     -0.8306147    
   175.0000       0.000000      7.9713114E-02 -0.2504508    
   177.5000       0.000000      7.2745904E-02  0.7938935    
   180.0000       0.000000       2.552377      0.9232377    
   182.5000       0.000000       2.605574      0.9100000    
   185.0000       0.000000      -1.185123      0.8138524    
   187.5000       0.000000      -3.757500     -0.3645902    
   190.0000       0.000000      -3.432664     -0.6265574    
   192.5000       0.000000      -3.393074       1.969303    
   195.0000       0.000000      -4.707910       3.789877    
   197.5000       0.000000      -5.573689       1.326926    
   200.0000       0.000000      -5.307459      -2.001680    
   202.5000       0.000000      -5.114959      -2.191803    
   205.0000       0.000000      -5.601639      -1.075410    
   207.5000       0.000000      -6.165656      -1.276516    
   210.0000       0.000000      -6.592090      -1.921393    
   212.5000       0.000000      -6.924098      -1.705287    
   215.0000       0.000000      -6.951435     -0.7506148    
   217.5000       0.000000      -7.109467      6.2786885E-02
   220.0000       0.000000      -7.872664     -0.2710656    
   222.5000       0.000000      -8.286762      -1.036312    
   225.0000       0.000000      -7.692377     -0.6661066    
   227.5000       0.000000      -7.317623      0.1431557    
   230.0000       0.000000      -7.688443      9.9999998E-03
   232.5000       0.000000      -7.624426     -0.2533607    
   235.0000       0.000000      -6.772951      0.3075820    
   237.5000       0.000000      -6.086147      0.7562705    
   240.0000       0.000000      -6.152828      0.5068852    
   242.5000       0.000000      -6.498361      0.6842623    
   245.0000       0.000000      -6.231229       1.745902    
   247.5000       0.000000      -5.449590       2.211762    
   250.0000       0.000000      -5.065164       1.475656    
   252.5000       0.000000      -5.060041       1.186189    
   255.0000       0.000000      -4.649959       2.113279    
   257.5000       0.000000      -3.673934       2.975574    
   260.0000       0.000000      -2.758566       2.883729    
   262.5000       0.000000      -2.359385       2.204795    
   265.0000       0.000000      -2.187377       1.733238    
   267.5000       0.000000      -1.899836       2.095328    
   270.0000       0.000000      -1.283361       2.636230    
   272.5000       0.000000      4.8606556E-02   2.179631    
   275.0000       0.000000       1.667254       1.535574    
   277.5000       0.000000       2.529672       2.198320    
   280.0000       0.000000       2.932131       3.655205    
   282.5000       0.000000       3.484836       4.466065    
   285.0000       0.000000       3.341639       4.199672    
   287.5000       0.000000       2.111885       3.246107    
   290.0000       0.000000      0.6275000       2.036967    
   292.5000       0.000000     -0.8451229      0.8946722    
   295.0000       0.000000      -2.293033     -0.1735656    
   297.5000       0.000000      -2.623115      -1.140205    
   300.0000       0.000000      -1.247254      -1.032295    
   302.5000       0.000000      0.3186066      0.6862295    
   305.0000       0.000000      0.6745902       1.999631    
   307.5000       0.000000      5.8688525E-02  0.9073771    
   310.0000       0.000000     -0.8850410     -0.9315984    
   312.5000       0.000000      -1.737500      -1.009918    
   315.0000       0.000000      -2.902131     -0.1941393    
   317.5000       0.000000      -4.883893     -0.7704918    
   320.0000       0.000000      -6.172664      -2.488729    
   322.5000       0.000000      -5.227131      -2.425369    
   325.0000       0.000000      -3.394590      0.9140984    
   327.5000       0.000000      -2.767746       3.906188    
   330.0000       0.000000      -3.350861       2.310000    
   332.5000       0.000000      -3.892664      -1.205615    
   335.0000       0.000000      -4.206148     -0.7687705    
   337.5000       0.000000      -4.887869       2.702377    
   340.0000       0.000000      -5.416189       3.630205    
   342.5000       0.000000      -5.120984       1.718443    
   345.0000       0.000000      -4.483033      0.9928279    
   347.5000       0.000000      -4.113688       2.256270    
   350.0000       0.000000      -3.911803       3.227541    
   352.5000       0.000000      -3.157992       3.566311    
   355.0000       0.000000      -2.148402       4.354508    
   357.5000       0.000000      -2.166353       4.303442    
   360.0000       0.000000      -2.247910       2.625779    
   362.5000       0.000000      -1.074672       1.936270    
   365.0000       0.000000     -6.2745899E-02   2.906147    
   367.5000       0.000000      0.5507787       2.991230    
   370.0000       0.000000       2.013730       2.000123    
   372.5000       0.000000       3.009959       1.352377    
   375.0000       0.000000       2.209426      0.5427459    
   377.5000       0.000000       1.156271     -0.7448770    
   20.00000       2.500000      4.7622953E-02  -3.808361    
   22.50000       2.500000      6.4508200E-02  -3.537295    
   25.00000       2.500000     -0.7618033      -2.892377    
   27.50000       2.500000      -1.942992      -1.381762    
   30.00000       2.500000      -2.542172       1.029836    
   32.50000       2.500000      -2.873074       3.217377    
   35.00000       2.500000      -3.853279       3.744959    
   37.50000       2.500000      -5.194508       2.243771    
   40.00000       2.500000      -5.597705     -0.2928689    
   42.50000       2.500000      -4.760615      -2.319221    
   45.00000       2.500000      -3.676680      -3.012541    
   47.50000       2.500000      -3.126516      -3.348770    
   50.00000       2.500000      -3.167049      -4.471762    
   52.50000       2.500000      -3.577500      -5.758729    
   55.00000       2.500000      -3.490861      -5.949221    
   57.50000       2.500000      -2.568852      -5.012131    
   60.00000       2.500000      -2.344385      -4.536844    
   62.50000       2.500000      -1.772172      -3.597131    
   65.00000       2.500000      -1.020082      -3.138484    
   67.50000       2.500000      -2.509426      -1.893566    
   70.00000       2.500000      -4.401106     -0.5820901    
   72.50000       2.500000      -3.674344     -0.6828688    
   75.00000       2.500000     -0.5224180      -2.051721    
   77.50000       2.500000       1.142131      -3.848975    
   80.00000       2.500000      -1.549918      -5.520574    
   82.50000       2.500000      -4.609057      -6.447787    
   85.00000       2.500000      -3.184139      -6.558648    
   87.50000       2.500000     -0.3828689      -6.493812    
   90.00000       2.500000     -0.6538935      -6.032828    
   92.50000       2.500000      -1.696352      -4.397131    
   95.00000       2.500000     -0.1951230      -2.088238    
   97.50000       2.500000       1.283893     -0.7879099    
   100.0000       2.500000     -0.5845492      -1.802500    
   102.5000       2.500000      -3.091107      -4.634877    
   105.0000       2.500000      -3.256311      -7.280860    
   107.5000       2.500000      -3.237418      -7.380574    
   110.0000       2.500000      -3.974221      -4.339344    
   112.5000       2.500000      -2.783361      -1.425697    
   115.0000       2.500000      0.2232377      -1.495287    
   117.5000       2.500000       1.578893      -2.078033    
   120.0000       2.500000      0.8381147     -0.4606147    
   122.5000       2.500000      0.9482787      0.7158607    
   125.0000       2.500000       2.239672      -1.501066    
   127.5000       2.500000       2.120246      -4.743607    
   130.0000       2.500000      0.7437295      -5.189631    
   132.5000       2.500000      0.9654508      -3.199549    
   135.0000       2.500000       2.525574      -1.791270    
   137.5000       2.500000       2.730574      -1.985615    
   140.0000       2.500000       1.848156      -2.589180    
   142.5000       2.500000       1.866230      -2.722582    
   145.0000       2.500000       2.482623      -2.102377    
   147.5000       2.500000       2.373074     -0.8941804    
   150.0000       2.500000       1.756967     -0.3737705    
   152.5000       2.500000       1.276967     -0.9761066    
   155.0000       2.500000      0.9736885      -1.021844    
   157.5000       2.500000       1.026926     -0.1881147    
   160.0000       2.500000      0.6257787     -0.3658606    
   162.5000       2.500000      -1.335615      -1.148443    
   165.0000       2.500000      -2.877090     -7.1106561E-02
   167.5000       2.500000      -1.857049       1.830451    
   170.0000       2.500000     -0.6794263       1.308484    
   172.5000       2.500000      -1.817787     -0.8295082    
   175.0000       2.500000      -3.120738      -1.245902    
   177.5000       2.500000      -1.928402     -5.5778690E-02
   180.0000       2.500000      0.4363525      0.3768443    
   182.5000       2.500000      0.5391393      0.1136885    
   185.0000       2.500000      -1.929754      0.1002869    
   187.5000       2.500000      -3.844344     -0.4649180    
   190.0000       2.500000      -4.442418      -1.130410    
   192.5000       2.500000      -5.582582     -7.5655736E-02
   195.0000       2.500000      -6.863156       1.158402    
   197.5000       2.500000      -6.588197      2.3442622E-02
   200.0000       2.500000      -5.203443      -1.612418    
   202.5000       2.500000      -4.475328      -1.369713    
   205.0000       2.500000      -5.053566     -0.8737295    
   207.5000       2.500000      -6.010246      -1.496393    
   210.0000       2.500000      -6.486311      -1.801066    
   212.5000       2.500000      -6.654508      -1.343238    
   215.0000       2.500000      -6.849918      -1.074713    
   217.5000       2.500000      -7.203156     -0.7981557    
   220.0000       2.500000      -7.763935     -0.5094672    
   222.5000       2.500000      -7.945492     -0.8683197    
   225.0000       2.500000      -7.320205      -1.201803    
   227.5000       2.500000      -6.869467      -1.046475    
   230.0000       2.500000      -7.068811      -1.143852    
   232.5000       2.500000      -6.871312      -1.257172    
   235.0000       2.500000      -6.021352     -0.8378689    
   237.5000       2.500000      -5.426803     -0.5684426    
   240.0000       2.500000      -5.404058     -0.7973770    
   242.5000       2.500000      -5.426803     -0.5948361    
   245.0000       2.500000      -5.225779      0.3809426    
   247.5000       2.500000      -5.030451      0.9139344    
   250.0000       2.500000      -4.836475      0.4159836    
   252.5000       2.500000      -4.322049      0.2640983    
   255.0000       2.500000      -3.405287       1.113115    
   257.5000       2.500000      -2.541926       1.476311    
   260.0000       2.500000      -2.246311      0.8322541    
   262.5000       2.500000      -2.130902      0.6165164    
   265.0000       2.500000      -1.266025       1.405000    
   267.5000       2.500000      0.1140164       2.273443    
   270.0000       2.500000      0.7895902       2.167131    
   272.5000       2.500000      0.9122131      0.9375820    
   275.0000       2.500000       1.888320      7.5778686E-02
   277.5000       2.500000       3.315656      0.8295492    
   280.0000       2.500000       3.466762       2.272541    
   282.5000       2.500000       2.642090       2.772869    
   285.0000       2.500000       1.832705       1.533320    
   287.5000       2.500000      0.4310656     -0.2140984    
   290.0000       2.500000      -1.852705     -0.1499590    
   292.5000       2.500000      -4.485574       1.023730    
   295.0000       2.500000      -6.730492      0.5178689    
   297.5000       2.500000      -6.826435      -1.120123    
   300.0000       2.500000      -4.349959      -1.068771    
   302.5000       2.500000      -2.150902      0.2010246    
   305.0000       2.500000      -2.122623     -0.1513525    
   307.5000       2.500000      -3.080328      -2.447418    
   310.0000       2.500000      -3.808648      -4.323853    
   312.5000       2.500000      -4.211803      -4.012623    
   315.0000       2.500000      -5.000287      -2.423770    
   317.5000       2.500000      -6.529795      -1.527623    
   320.0000       2.500000      -7.031967      -1.740164    
   322.5000       2.500000      -5.328115      -1.782377    
   325.0000       2.500000      -3.583853     -0.3751639    
   327.5000       2.500000      -3.812746       1.153156    
   330.0000       2.500000      -4.813648      2.2213114E-02
   332.5000       2.500000      -4.851639      -2.573279    
   335.0000       2.500000      -4.444467      -2.110410    
   337.5000       2.500000      -4.371066       1.351926    
   340.0000       2.500000      -3.821680       2.628689    
   342.5000       2.500000      -2.651352      0.3335246    
   345.0000       2.500000      -2.083074      -1.398033    
   347.5000       2.500000      -2.139590     -0.1868853    
   350.0000       2.500000      -1.703279       1.628279    
   352.5000       2.500000     -0.8254918       1.641393    
   355.0000       2.500000     -0.5187705       1.170205    
   357.5000       2.500000     -0.5700410       1.321803    
   360.0000       2.500000      0.5915983      0.8491803    
   362.5000       2.500000       2.403647      0.2828279    
   365.0000       2.500000       2.324631      0.7168033    
   367.5000       2.500000       1.298975       1.097172    
   370.0000       2.500000       2.077582      0.7545492    
   372.5000       2.500000       3.195902     -0.2552459    
   375.0000       2.500000       2.178934      -1.957910    
   377.5000       2.500000      0.4683607      -3.416926    
   20.00000       5.000000      -1.468361      -4.740287    
   22.50000       5.000000      -1.399672      -4.709713    
   25.00000       5.000000      -1.851148      -4.250861    
   27.50000       5.000000      -2.249139      -2.644877    
   30.00000       5.000000      -1.961352      0.5376639    
   32.50000       5.000000      -1.903934       4.088033    
   35.00000       5.000000      -3.487049       6.001680    
   37.50000       5.000000      -5.877418       6.141926    
   40.00000       5.000000      -6.490656       5.211475    
   42.50000       5.000000      -4.958279       2.789672    
   45.00000       5.000000      -3.543975     -0.8706557    
   47.50000       5.000000      -3.331803      -4.542459    
   50.00000       5.000000      -3.052582      -7.349139    
   52.50000       5.000000      -2.269467      -8.561435    
   55.00000       5.000000      -2.107008      -7.746885    
   57.50000       5.000000      -2.340205      -6.024016    
   60.00000       5.000000      -1.748320      -5.697090    
   62.50000       5.000000      -1.989795      -4.194263    
   65.00000       5.000000      -1.534549      -3.484508    
   67.50000       5.000000      -2.899303      -2.677377    
   70.00000       5.000000      -4.483197      -1.342459    
   72.50000       5.000000      -3.683033     -0.6607787    
   75.00000       5.000000      -2.084139      -2.049262    
   77.50000       5.000000      -2.697623      -4.482131    
   80.00000       5.000000      -5.142254      -5.345942    
   82.50000       5.000000      -6.582787      -4.243648    
   85.00000       5.000000      -5.911639      -3.480082    
   87.50000       5.000000      -4.896885      -4.714918    
   90.00000       5.000000      -4.928360      -5.765287    
   92.50000       5.000000      -4.963443      -3.761024    
   95.00000       5.000000      -4.151229     -0.7945082    
   97.50000       5.000000      -4.280082     -0.7739344    
   100.0000       5.000000      -6.370574      -3.463115    
   102.5000       5.000000      -6.991803      -5.923361    
   105.0000       5.000000      -4.542705      -6.984713    
   107.5000       5.000000      -3.813975      -7.354754    
   110.0000       5.000000      -5.975164      -6.665041    
   112.5000       5.000000      -5.196844      -4.336967    
   115.0000       5.000000      -1.231598      -2.003238    
   117.5000       5.000000     -0.2415164      -1.388279    
   120.0000       5.000000      -1.918730      -1.875369    
   122.5000       5.000000      -1.009918      -2.079221    
   125.0000       5.000000       1.381434      -2.565082    
   127.5000       5.000000      0.9048771      -4.651393    
   130.0000       5.000000     -0.9186475      -6.279549    
   132.5000       5.000000     -0.1564344      -4.350533    
   135.0000       5.000000       1.902459      -1.007254    
   137.5000       5.000000       1.600779     -0.4766393    
   140.0000       5.000000      0.1185246      -1.861762    
   142.5000       5.000000      0.2407787      -1.873729    
   145.0000       5.000000      0.7172131     -0.6340574    
   147.5000       5.000000     -5.1065575E-02 -0.1354918    
   150.0000       5.000000     -0.7456148     -0.2797541    
   152.5000       5.000000     -0.8075820     -0.4522541    
   155.0000       5.000000     -0.9139754     -0.5164754    
   157.5000       5.000000     -0.7529508     -0.6047951    
   160.0000       5.000000      -1.026885      -1.105287    
   162.5000       5.000000      -3.117090      -1.019959    
   165.0000       5.000000      -4.565615      0.7586476    
   167.5000       5.000000      -3.066516       2.228566    
   170.0000       5.000000      -2.307213      0.8079508    
   172.5000       5.000000      -4.659631      -1.968361    
   175.0000       5.000000      -6.233074      -2.907131    
   177.5000       5.000000      -5.047090      -1.949344    
   180.0000       5.000000      -3.716885      -1.270041    
   182.5000       5.000000      -3.607090      -1.467008    
   185.0000       5.000000      -3.824139      -1.474467    
   187.5000       5.000000      -4.035902      -1.301188    
   190.0000       5.000000      -5.143975      -1.265738    
   192.5000       5.000000      -7.182623     -0.8480328    
   195.0000       5.000000      -8.151885     -0.5094262    
   197.5000       5.000000      -7.032295     -0.9752869    
   200.0000       5.000000      -5.366721      -1.372377    
   202.5000       5.000000      -4.576148     -0.9533197    
   205.0000       5.000000      -4.740000     -0.5983196    
   207.5000       5.000000      -5.322500     -0.9109426    
   210.0000       5.000000      -5.581721      -1.004344    
   212.5000       5.000000      -5.576844     -0.6158606    
   215.0000       5.000000      -5.877377     -0.6350000    
   217.5000       5.000000      -6.222172     -0.7400000    
   220.0000       5.000000      -6.492131     -0.3321311    
   222.5000       5.000000      -6.659836     -0.2578689    
   225.0000       5.000000      -6.157418     -0.7323360    
   227.5000       5.000000      -5.664385      -1.011147    
   230.0000       5.000000      -5.754262      -1.007418    
   232.5000       5.000000      -5.406885     -0.9104098    
   235.0000       5.000000      -4.616148     -0.8364754    
   237.5000       5.000000      -4.248648     -0.9029508    
   240.0000       5.000000      -4.083689     -0.8812295    
   242.5000       5.000000      -3.760533     -0.6676229    
   245.0000       5.000000      -3.669918     -0.2881148    
   247.5000       5.000000      -3.737664      0.4335656    
   250.0000       5.000000      -3.233525      0.9494672    
   252.5000       5.000000      -2.285533      0.7529918    
   255.0000       5.000000      -1.750738      0.3615984    
   257.5000       5.000000      -1.882295     -0.1300820    
   260.0000       5.000000      -2.254836     -0.8176639    
   262.5000       5.000000      -2.235246     -0.8199180    
   265.0000       5.000000      -1.370164      0.2373770    
   267.5000       5.000000     -4.2581968E-02   1.000123    
   270.0000       5.000000      0.8317623      0.2195082    
   272.5000       5.000000       1.370615      -1.003033    
   275.0000       5.000000       2.564631     -0.7051640    
   277.5000       5.000000       3.938853      0.1863115    
   280.0000       5.000000       4.086311     -0.6229918    
   282.5000       5.000000       3.376394      -1.984426    
   285.0000       5.000000       2.526803      -1.624959    
   287.5000       5.000000      0.6063115     -0.5433196    
   290.0000       5.000000      -2.731762     -0.3393443    
   292.5000       5.000000      -5.750574     -0.3662705    
   295.0000       5.000000      -6.816066     -9.6475407E-02
   297.5000       5.000000      -6.527254     -0.5327869    
   300.0000       5.000000      -6.103361      -1.711025    
   302.5000       5.000000      -5.566106      -2.201393    
   305.0000       5.000000      -5.502213      -2.415451    
   307.5000       5.000000      -6.726885      -4.057664    
   310.0000       5.000000      -7.611803      -5.986147    
   312.5000       5.000000      -6.888074      -5.827172    
   315.0000       5.000000      -6.462459      -4.228402    
   317.5000       5.000000      -7.118648      -3.102623    
   320.0000       5.000000      -6.902746      -2.499877    
   322.5000       5.000000      -5.546352      -1.950779    
   325.0000       5.000000      -4.955861      -1.734918    
   327.5000       5.000000      -5.702172      -2.043197    
   330.0000       5.000000      -6.417377      -2.965451    
   332.5000       5.000000      -5.863115      -3.936516    
   335.0000       5.000000      -4.181639      -3.282910    
   337.5000       5.000000      -2.390492     -0.9953688    
   340.0000       5.000000      -1.130697      0.1772541    
   342.5000       5.000000     -0.3900820     -0.8357377    
   345.0000       5.000000     -0.3350000      -1.543689    
   347.5000       5.000000     -0.6721311     -0.1831557    
   350.0000       5.000000     -0.2828689       1.415369    
   352.5000       5.000000      0.5397541       1.094262    
   355.0000       5.000000      0.7112295      0.2751229    
   357.5000       5.000000       1.026230      0.7020901    
   360.0000       5.000000       2.363033       1.253320    
   362.5000       5.000000       3.245615       1.106475    
   365.0000       5.000000       2.218320      0.5777049    
   367.5000       5.000000      0.8357787     -0.4026639    
   370.0000       5.000000       1.132582      -1.793443    
   372.5000       5.000000       1.772951      -3.263648    
   375.0000       5.000000      0.6738115      -4.299344    
   377.5000       5.000000      -1.009672      -4.666844    
   20.00000       7.500000      -3.409385      -4.414959    
   22.50000       7.500000      -3.460410      -4.704057    
   25.00000       7.500000      -3.703811      -4.714221    
   27.50000       7.500000      -3.596066      -3.707910    
   30.00000       7.500000      -2.570451      -1.417787    
   32.50000       7.500000      -1.596311       1.835779    
   35.00000       7.500000      -2.738443       5.852418    
   37.50000       7.500000      -5.529016       10.12898    
   40.00000       7.500000      -6.592090       12.01877    
   42.50000       7.500000      -5.166967       8.713730    
   45.00000       7.500000      -4.154222       1.724959    
   47.50000       7.500000      -4.569180      -4.568361    
   50.00000       7.500000      -4.410738      -7.741024    
   52.50000       7.500000      -3.101516      -8.187213    
   55.00000       7.500000      -2.460246      -7.100861    
   57.50000       7.500000      -2.950656      -5.627090    
   60.00000       7.500000      -2.729221      -4.904181    
   62.50000       7.500000      -2.957869      -3.928238    
   65.00000       7.500000      -2.926353      -2.809795    
   67.50000       7.500000      -2.915656      -2.189959    
   70.00000       7.500000      -3.192992      -1.500123    
   72.50000       7.500000      -3.371762     -0.8499180    
   75.00000       7.500000      -3.775000      -2.307213    
   77.50000       7.500000      -4.529508      -5.411639    
   80.00000       7.500000      -4.559221      -6.158238    
   82.50000       7.500000      -4.207951      -4.107664    
   85.00000       7.500000      -4.486065      -3.495984    
   87.50000       7.500000      -4.657336      -5.638812    
   90.00000       7.500000      -4.580205      -6.475574    
   92.50000       7.500000      -5.255369      -3.629795    
   95.00000       7.500000      -6.171967      -1.087664    
   97.50000       7.500000      -6.443934      -1.918525    
   100.0000       7.500000      -6.646762      -2.913811    
   102.5000       7.500000      -6.787254      -2.290492    
   105.0000       7.500000      -5.711025      -3.220492    
   107.5000       7.500000      -4.619959      -6.526844    
   110.0000       7.500000      -5.718853      -8.516517    
   112.5000       7.500000      -6.505123      -6.644754    
   115.0000       7.500000      -4.330328      -3.044139    
   117.5000       7.500000      -2.727049      -1.814549    
   120.0000       7.500000      -3.125328      -3.058811    
   122.5000       7.500000      -1.616885      -2.882664    
   125.0000       7.500000      0.6759017      -1.585943    
   127.5000       7.500000     -0.3647131      -3.225902    
   130.0000       7.500000      -2.375779      -5.729590    
   132.5000       7.500000      -1.567910      -4.383197    
   135.0000       7.500000      0.4242623     -0.9010246    
   137.5000       7.500000      0.4750820     -8.8483609E-02
   140.0000       7.500000     -0.4219262      -1.555246    
   142.5000       7.500000     -0.5189754      -1.671598    
   145.0000       7.500000     -0.9827869     -9.6803278E-02
   147.5000       7.500000      -2.254057      6.1844263E-02
   150.0000       7.500000      -2.393811      -1.002869    
   152.5000       7.500000      -2.265492     -0.9565983    
   155.0000       7.500000      -3.044426     -0.2288525    
   157.5000       7.500000      -2.783238      1.0696721E-02
   160.0000       7.500000      -2.058934     -0.5100000    
   162.5000       7.500000      -3.977992      -1.078525    
   165.0000       7.500000      -6.476271     -0.6396312    
   167.5000       7.500000      -6.012951     -0.3886065    
   170.0000       7.500000      -4.606475      -1.767131    
   172.5000       7.500000      -5.280082      -2.909180    
   175.0000       7.500000      -6.431926      -2.430738    
   177.5000       7.500000      -6.094918      -1.949959    
   180.0000       7.500000      -5.640246      -2.200451    
   182.5000       7.500000      -5.810902      -2.198361    
   185.0000       7.500000      -5.410410      -1.786393    
   187.5000       7.500000      -4.871639      -1.369467    
   190.0000       7.500000      -5.625246     -0.7661476    
   192.5000       7.500000      -6.865492     -5.7622951E-02
   195.0000       7.500000      -6.857951     -3.1721313E-02
   197.5000       7.500000      -5.820697     -0.7832787    
   200.0000       7.500000      -5.012828      -1.358361    
   202.5000       7.500000      -4.756065      -1.185574    
   205.0000       7.500000      -4.735574     -0.7364754    
   207.5000       7.500000      -4.970615     -0.6838524    
   210.0000       7.500000      -5.335697     -0.8614754    
   212.5000       7.500000      -5.323279     -0.7699180    
   215.0000       7.500000      -4.897459     -0.5920902    
   217.5000       7.500000      -4.616967     -0.6543443    
   220.0000       7.500000      -5.129754     -0.7930328    
   222.5000       7.500000      -5.835369     -0.8099180    
   225.0000       7.500000      -5.578484     -0.8276230    
   227.5000       7.500000      -5.134344     -0.9194672    
   230.0000       7.500000      -5.152664     -0.9796311    
   232.5000       7.500000      -4.718853     -0.9586065    
   235.0000       7.500000      -3.904508     -0.8236066    
   237.5000       7.500000      -3.431721     -0.7409016    
   240.0000       7.500000      -3.348361     -0.7613525    
   242.5000       7.500000      -3.486721     -0.6230328    
   245.0000       7.500000      -3.448975     -0.2334426    
   247.5000       7.500000      -2.849713      0.5373771    
   250.0000       7.500000      -1.844877       1.394508    
   252.5000       7.500000      -1.256352       1.377295    
   255.0000       7.500000      -1.871352      0.5002459    
   257.5000       7.500000      -2.974467     -0.2815574    
   260.0000       7.500000      -3.224590     -0.9649590    
   262.5000       7.500000      -2.723074      -1.723033    
   265.0000       7.500000      -2.338197      -1.695164    
   267.5000       7.500000      -2.333402      -1.181516    
   270.0000       7.500000      -2.111967      -1.589918    
   272.5000       7.500000     -0.7176639      -1.994508    
   275.0000       7.500000       1.435738     -0.7975410    
   277.5000       7.500000       2.579221     -0.1234426    
   280.0000       7.500000       2.182377      -2.557254    
   282.5000       7.500000       1.389262      -4.649877    
   285.0000       7.500000       1.114467      -1.649754    
   287.5000       7.500000      0.6036475       2.406680    
   290.0000       7.500000      -1.671393      0.9462705    
   292.5000       7.500000      -3.926598      -2.392172    
   295.0000       7.500000      -3.006926      -1.362705    
   297.5000       7.500000      -2.109713      0.4022131    
   300.0000       7.500000      -4.857664      -1.835697    
   302.5000       7.500000      -7.228115      -4.225738    
   305.0000       7.500000      -7.311352      -3.746762    
   307.5000       7.500000      -8.280943      -3.527623    
   310.0000       7.500000      -9.260041      -4.618730    
   312.5000       7.500000      -8.305614      -4.859754    
   315.0000       7.500000      -7.335697      -4.184795    
   317.5000       7.500000      -7.272172      -3.840328    
   320.0000       7.500000      -6.916926      -3.797049    
   322.5000       7.500000      -6.421721      -3.731066    
   325.0000       7.500000      -6.582172      -3.612541    
   327.5000       7.500000      -7.009221      -3.346516    
   330.0000       7.500000      -6.922582      -3.635205    
   332.5000       7.500000      -5.784959      -4.684713    
   335.0000       7.500000      -3.468033      -4.858238    
   337.5000       7.500000      -1.090902      -3.597910    
   340.0000       7.500000     -4.0204920E-02  -2.444713    
   342.5000       7.500000      7.6229507E-03  -1.863648    
   345.0000       7.500000      2.8196720E-02 -0.6720492    
   347.5000       7.500000      4.5901638E-02   1.398525    
   350.0000       7.500000     -0.1231967       2.822910    
   352.5000       7.500000     -0.2965984       2.507254    
   355.0000       7.500000     -0.1105328       1.510697    
   357.5000       7.500000      0.6331558       1.243852    
   360.0000       7.500000       1.299672       1.920820    
   362.5000       7.500000      0.8587705       2.676188    
   365.0000       7.500000     -0.5804508       2.052295    
   367.5000       7.500000      -1.587869     -0.2859426    
   370.0000       7.500000      -1.279221      -3.114672    
   372.5000       7.500000     -0.8719672      -4.921229    
   375.0000       7.500000      -1.746025      -5.091516    
   377.5000       7.500000      -3.000779      -4.543852    
   20.00000       10.00000      -6.333566      -3.788320    
   22.50000       10.00000      -6.926967      -4.807500    
   25.00000       10.00000      -6.994098      -5.701394    
   27.50000       10.00000      -6.235902      -5.247787    
   30.00000       10.00000      -4.648402      -4.132541    
   32.50000       10.00000      -3.050943      -2.489918    
   35.00000       10.00000      -2.766229       2.464016    
   37.50000       10.00000      -4.147664       10.51123    
   40.00000       10.00000      -5.634221       14.58848    
   42.50000       10.00000      -5.932254       10.17689    
   45.00000       10.00000      -5.852705       2.015205    
   47.50000       10.00000      -5.896311      -3.529385    
   50.00000       10.00000      -5.585820      -5.329713    
   52.50000       10.00000      -5.129672      -5.211393    
   55.00000       10.00000      -4.657377      -4.799672    
   57.50000       10.00000      -4.281844      -4.519303    
   60.00000       10.00000      -4.531844      -3.945779    
   62.50000       10.00000      -4.152213      -3.794221    
   65.00000       10.00000      -4.293811      -3.177008    
   67.50000       10.00000      -3.290533      -2.289098    
   70.00000       10.00000      -2.406967      -1.685041    
   72.50000       10.00000      -2.972623      -1.610246    
   75.00000       10.00000      -3.646885      -2.609180    
   77.50000       10.00000      -3.177418      -4.780123    
   80.00000       10.00000      -2.223689      -6.246312    
   82.50000       10.00000      -1.933197      -6.011639    
   85.00000       10.00000      -2.015041      -6.081271    
   87.50000       10.00000      -1.359344      -6.890697    
   90.00000       10.00000     -0.9147541      -5.876885    
   92.50000       10.00000      -2.712582      -3.037459    
   95.00000       10.00000      -5.290574      -2.014426    
   97.50000       10.00000      -4.938238      -2.945738    
   100.0000       10.00000      -2.686229      -1.060902    
   102.5000       10.00000      -3.315820       2.495943    
   105.0000       10.00000      -5.914959      0.3370492    
   107.5000       10.00000      -5.706352      -6.382295    
   110.0000       10.00000      -4.677008      -9.507869    
   112.5000       10.00000      -6.082418      -7.795820    
   115.0000       10.00000      -6.057582      -5.208852    
   117.5000       10.00000      -3.623893      -3.634344    
   120.0000       10.00000      -2.562869      -2.945451    
   122.5000       10.00000      -2.045205      -1.986926    
   125.0000       10.00000      -1.076639      -1.478607    
   127.5000       10.00000      -1.562746      -3.199262    
   130.0000       10.00000      -2.851148      -5.057582    
   132.5000       10.00000      -2.981762      -4.073033    
   135.0000       10.00000      -2.036230      -1.881311    
   137.5000       10.00000      -1.429508      -1.433361    
   140.0000       10.00000      -1.374262      -2.928607    
   142.5000       10.00000      -1.444426      -3.089385    
   145.0000       10.00000      -1.858402      -1.712992    
   147.5000       10.00000      -2.319467     -0.7145492    
   150.0000       10.00000      -2.785246     -0.8734836    
   152.5000       10.00000      -3.739590     -0.9130328    
   155.0000       10.00000      -5.472746      -1.030246    
   157.5000       10.00000      -5.431230     -0.4582787    
   160.0000       10.00000      -4.869098     -0.2563115    
   162.5000       10.00000      -6.149262      -1.729344    
   165.0000       10.00000      -7.524467      -3.836393    
   167.5000       10.00000      -6.818565      -4.802705    
   170.0000       10.00000      -5.440492      -4.596762    
   172.5000       10.00000      -5.080369      -3.388525    
   175.0000       10.00000      -5.496025      -1.591107    
   177.5000       10.00000      -5.823894     -0.8703688    
   180.0000       10.00000      -6.040123      -1.525164    
   182.5000       10.00000      -6.279140      -1.987828    
   185.0000       10.00000      -6.095082      -1.778402    
   187.5000       10.00000      -5.800615      -1.457910    
   190.0000       10.00000      -6.007869      -1.132951    
   192.5000       10.00000      -5.928197     -0.7136065    
   195.0000       10.00000      -5.036639     -0.4211885    
   197.5000       10.00000      -4.287090     -0.6601229    
   200.0000       10.00000      -4.196967      -1.338115    
   202.5000       10.00000      -4.245779      -1.737623    
   205.0000       10.00000      -4.080451      -1.673074    
   207.5000       10.00000      -4.186557      -1.510328    
   210.0000       10.00000      -4.950819      -1.189549    
   212.5000       10.00000      -5.319631     -0.7173771    
   215.0000       10.00000      -4.530860     -0.5972951    
   217.5000       10.00000      -4.147172     -0.9228688    
   220.0000       10.00000      -5.159508      -1.190533    
   222.5000       10.00000      -5.911516      -1.288689    
   225.0000       10.00000      -5.618484      -1.462992    
   227.5000       10.00000      -5.414221      -1.590615    
   230.0000       10.00000      -5.444508      -1.630943    
   232.5000       10.00000      -5.012090      -1.666025    
   235.0000       10.00000      -4.211680      -1.436967    
   237.5000       10.00000      -3.803361      -1.363811    
   240.0000       10.00000      -4.222951      -1.771066    
   242.5000       10.00000      -4.800328      -1.534754    
   245.0000       10.00000      -4.542623     -0.8118443    
   247.5000       10.00000      -3.468279     -0.9088525    
   250.0000       10.00000      -2.369590     -0.8308607    
   252.5000       10.00000      -2.072664      0.3218442    
   255.0000       10.00000      -3.080492      0.8334836    
   257.5000       10.00000      -4.467090     -9.3155734E-02
   260.0000       10.00000      -4.510738      -1.391926    
   262.5000       10.00000      -3.332787      -2.526270    
   265.0000       10.00000      -2.674836      -2.946229    
   267.5000       10.00000      -3.623852      -2.277541    
   270.0000       10.00000      -4.842008      -1.720779    
   272.5000       10.00000      -4.089590      -1.726598    
   275.0000       10.00000      -1.893730      -1.428689    
   277.5000       10.00000     -0.9512295      -1.432746    
   280.0000       10.00000      -2.107869      -3.079180    
   282.5000       10.00000      -3.912213      -4.101230    
   285.0000       10.00000      -4.240697      -1.079590    
   287.5000       10.00000      -2.972090       2.456926    
   290.0000       10.00000      -2.588033       1.040984    
   292.5000       10.00000      -3.310902      -2.014877    
   295.0000       10.00000      -2.600369      -1.520451    
   297.5000       10.00000      -1.894508     -8.9385249E-02
   300.0000       10.00000      -4.051270      -1.508033    
   302.5000       10.00000      -6.611639      -3.782213    
   305.0000       10.00000      -7.420123      -3.997172    
   307.5000       10.00000      -8.091270      -3.139057    
   310.0000       10.00000      -8.709221      -3.029795    
   312.5000       10.00000      -8.384836      -3.366721    
   315.0000       10.00000      -7.904140      -3.524180    
   317.5000       10.00000      -7.946270      -3.726926    
   320.0000       10.00000      -8.107213      -4.239344    
   322.5000       10.00000      -7.867992      -4.966188    
   325.0000       10.00000      -7.548893      -4.970984    
   327.5000       10.00000      -7.747418      -3.740697    
   330.0000       10.00000      -7.680082      -3.232910    
   332.5000       10.00000      -6.070492      -5.055656    
   335.0000       10.00000      -3.499344      -6.973566    
   337.5000       10.00000      -1.798689      -6.483238    
   340.0000       10.00000      -1.376393      -4.815656    
   342.5000       10.00000     -0.6683196      -3.742910    
   345.0000       10.00000       1.019426      -2.366393    
   347.5000       10.00000       1.758443      0.3295902    
   350.0000       10.00000      9.6639343E-02   2.673279    
   352.5000       10.00000      -2.144795       2.548566    
   355.0000       10.00000      -2.810328      0.7462295    
   357.5000       10.00000      -2.318893     -0.2613934    
   360.0000       10.00000      -1.936066      0.4983607    
   362.5000       10.00000      -2.352090       1.637090    
   365.0000       10.00000      -3.581434       1.334672    
   367.5000       10.00000      -4.527049     -0.6099590    
   370.0000       10.00000      -4.271434      -2.961148    
   372.5000       10.00000      -3.734959      -4.291762    
   375.0000       10.00000      -4.199508      -4.259754    
   377.5000       10.00000      -5.348730      -3.732623    
0 0 0 0
