160.33331 79.08331
160.66663 78.99997
160.91661 78.91663
161.24992 78.83330
161.49991 78.74996
161.74989 78.66663
162.08321 78.58329
162.58318 78.49995
165.49966 78.49995
167.24956 78.49995
167.99951 78.41662
168.41615 78.33328
168.99945 78.24995
169.91606 78.16661
170.41603 78.08327
170.99933 77.99994
171.49930 77.91660
171.83261 77.83327
172.16592 77.74993
172.41591 77.66660
172.66589 77.58326
172.83255 77.49992
173.08253 77.41659
173.33252 77.33325
173.58250 77.24992
174.24913 77.16658
175.66571 77.16658
176.08235 77.16658
176.58232 77.08324
176.91563 76.91657
176.99896 76.83324
176.99896 76.74990
177.08229 76.66656
177.08229 76.58323
177.16562 76.49989
177.49893 76.33322
179.66547 76.33322
181.99866 76.41656
181.91533 76.33322
181.83200 76.24989
181.41536 76.16655
181.24870 76.08321
181.24870 75.99988
181.41536 75.91654
181.49869 75.83321
181.66534 75.74987
181.83200 75.66653
182.41530 75.58320
185.08180 75.49986
186.74837 75.58320
189.33154 75.66653
189.66486 75.74987
189.83151 75.83321
190.24815 75.91654
190.66479 75.99988
191.16476 76.08321
191.58141 76.16655
191.91472 76.24989
192.49802 76.33322
192.99799 76.41656
999.00000 99.00000
191.41475 77.08324
191.24809 77.16658
191.16476 77.24992
190.99811 77.41659
190.91478 77.49992
190.91478 77.58326
190.74812 77.66660
190.66479 77.74993
190.58147 77.83327
190.58147 77.91660
190.58147 77.99994
190.66479 78.08327
190.74812 78.16661
190.99811 78.24995
191.33142 78.33328
191.74806 78.41662
192.33136 78.49995
999.00000 99.00000
191.41475 77.08324
192.83133 77.08324
193.08131 77.16658
193.49796 77.16658
193.83127 77.08324
194.83121 76.99991
195.08119 76.91657
195.16452 76.83324
195.24785 76.74990
194.91454 76.66656
194.58122 76.58323
194.33124 76.49989
192.99799 76.41656
999.00000 99.00000
192.33136 78.49995
194.24791 78.58329
194.91454 78.66663
195.66449 78.74996
199.16428 78.74996
200.08089 78.66663
200.24754 78.58329
200.08089 78.49995
199.83090 78.41662
199.58092 78.33328
199.41426 78.24995
199.16428 78.16661
198.91429 78.08327
198.66431 77.99994
198.41432 77.91660
198.16434 77.83327
197.91435 77.74993
197.66437 77.66660
197.66437 77.58326
197.74770 77.49992
198.16434 77.41659
198.33099 77.33325
198.24767 77.24992
198.16434 77.16658
198.08101 77.08324
197.91435 76.99991
197.74770 76.91657
197.58104 76.83324
196.16446 76.74990
195.83115 76.49989
195.83115 76.41656
195.83115 76.33322
195.83115 76.24989
195.83115 76.16655
195.83115 76.08321
195.83115 75.99988
195.83115 75.91654
195.83115 75.83321
195.74782 75.74987
195.58116 75.66653
195.41451 75.58320
195.33118 75.49986
195.33118 75.41653
195.33118 75.33319
195.41451 75.24986
195.49783 75.16652
195.74782 75.08318
195.99780 75.00000
196.16446 74.91666
196.41444 74.83333
197.08107 74.74999
197.49771 74.66666
197.74770 74.58332
198.33099 74.49998
198.74763 74.41665
199.08095 74.33331
199.16428 74.24998
199.24760 74.16664
199.16428 74.08331
199.16428 73.99997
198.99762 73.91663
198.83096 73.83330
198.83096 73.74996
198.99762 73.66663
199.16428 73.58329
199.33093 73.49995
199.49759 73.41662
199.66425 73.33328
200.24754 73.24995
200.83084 73.16661
201.83078 73.08327
202.33075 72.99994
202.41408 72.91660
202.58073 72.83327
202.66406 72.74993
202.74739 72.66660
202.91405 72.58326
203.74733 72.41659
204.41396 72.33325
205.24724 72.24992
205.83054 72.16658
206.08052 72.08324
206.33051 71.99991
206.99713 71.91657
207.41377 71.83324
207.66376 71.74990
207.99707 71.66656
208.41371 71.58323
209.08034 71.49989
209.58031 71.41656
210.66357 71.33322
211.66351 71.24989
212.16348 71.16655
213.33008 71.08321
215.91325 70.99988
216.24657 70.91654
217.49649 70.83321
217.74648 70.74987
218.41310 70.66653
218.49643 70.66653
218.91307 70.66653
219.16306 70.66653
999.00000 99.00000
203.16403 76.41656
203.24736 76.49989
203.24736 76.58323
203.16403 76.66656
202.99738 76.74990
202.83072 76.83324
202.66406 76.91657
202.33075 76.99991
202.24742 77.08324
202.49741 77.16658
202.91405 77.24992
999.00000 99.00000
203.16403 77.33325
203.83066 77.33325
204.58061 77.24992
204.83060 77.16658
204.91393 77.08324
204.91393 76.99991
204.99725 76.91657
204.99725 76.83324
204.91393 76.74990
204.83060 76.66656
204.66394 76.58323
204.41396 76.49989
203.66400 76.33322
203.49734 76.24989
203.33069 76.16655
203.16403 76.08321
203.16403 75.99988
203.08070 75.91654
202.99738 75.83321
202.91405 75.74987
202.74739 75.66653
202.58073 75.58320
202.33075 75.49986
202.16409 75.41653
201.99744 75.33319
201.83078 75.24986
201.66412 75.16652
999.00000 99.00000
203.99731 76.41656
203.49734 76.24989
203.33069 76.16655
203.16403 76.08321
203.16403 75.99988
203.08070 75.91654
202.99738 75.83321
202.91405 75.74987
202.74739 75.66653
202.58073 75.58320
202.33075 75.49986
202.16409 75.41653
201.99744 75.33319
201.83078 75.24986
201.66412 75.16652
201.58080 75.08318
200.99750 75.08318
200.83084 75.16652
200.74751 75.24986
200.66418 75.33319
200.58086 75.41653
200.58086 75.49986
200.74751 75.58320
200.83084 75.66653
200.99750 75.74987
201.24748 75.83321
201.74745 75.91654
202.16409 75.99988
202.41408 76.08321
202.58073 76.16655
202.74739 76.24989
202.91405 76.33322
999.00000 99.00000
160.00000 52.76000
160.03000 52.76000
160.07001 52.75000
160.11000 52.74000
160.16000 52.74000
160.21001 52.74000
160.24001 52.74000
160.27000 52.74000
160.28999 52.74000
160.31000 52.75000
160.33000 52.77000
160.34000 52.79000
160.35001 52.81000
160.35001 52.83000
160.36000 52.86000
160.36000 52.89000
160.35001 52.91000
160.34000 52.94000
160.33000 52.96000
160.32001 52.99000
160.32001 53.02000
160.31000 53.06000
160.30000 53.09000
160.28999 53.12000
160.28999 53.17000
160.30000 53.23000
160.28999 53.28000
160.28000 53.32000
160.27000 53.36000
160.25999 53.38000
160.25000 53.42000
160.25000 53.44000
160.25000 53.46000
160.25999 53.51000
160.28999 53.55000
160.31000 53.57000
160.35001 53.58000
160.41000 53.60000
160.46001 53.62000
160.50000 53.64000
160.53000 53.66000
160.53999 53.71000
160.53999 53.75000
160.56000 53.81000
160.58000 53.86000
160.59000 53.88000
160.62000 53.91000
160.64999 53.93000
160.69000 53.94000
160.73000 53.95000
160.78000 53.97000
160.84000 54.00000
160.89999 54.02000
161.00000 54.09000
161.07001 54.11000
161.13000 54.14000
161.21001 54.19000
161.23000 54.20000
161.25000 54.20000
161.34000 54.27000
161.39000 54.30000
161.44000 54.32000
161.50999 54.35000
161.57001 54.36000
161.63000 54.35000
161.69000 54.35000
161.77000 54.35000
161.82001 54.35000
161.88000 54.36000
161.92000 54.38000
161.99001 54.40000
162.07001 54.42000
162.12000 54.42000
162.16000 54.44000
162.20000 54.46000
162.24001 54.48000
162.28000 54.51000
162.33000 54.55000
162.35001 54.57000
162.37000 54.61000
162.38000 54.66000
162.39999 54.71000
162.39999 54.73000
162.39000 54.76000
162.38000 54.79000
162.37000 54.83000
162.37000 54.86000
162.37000 54.89000
162.35001 54.92000
162.35001 54.95000
162.33000 54.97000
162.30000 55.00000
162.28000 55.02000
162.25999 55.06000
162.22000 55.09000
162.19000 55.12000
162.16000 55.16000
162.13000 55.21000
162.11000 55.23000
162.09000 55.26000
162.07001 55.29000
162.06000 55.32000
162.06000 55.34000
162.08000 55.38000
162.08000 55.41000
162.09000 55.43000
162.09000 55.46000
162.11000 55.49000
162.13000 55.51000
162.14999 55.52000
162.19000 55.54000
162.23000 55.55000
162.23000 55.57000
162.27000 55.61000
162.30000 55.63000
162.41000 55.69000
162.47000 55.73000
162.50999 55.75000
162.56000 55.78000
162.60001 55.80000
162.64000 55.82000
162.69000 55.83000
162.72000 55.84000
162.77000 55.86000
162.84000 55.87000
162.89999 55.86000
162.95000 55.84000
162.99001 55.84000
163.03999 55.83000
163.08000 55.84000
163.11000 55.86000
163.14000 55.89000
163.16000 55.92000
163.17999 55.95000
163.22000 56.00000
163.27000 56.04000
163.34000 56.08000
163.38000 56.10000
163.42999 56.12000
163.49001 56.15000
163.56000 56.18000
163.61000 56.20000
163.66000 56.22000
163.69000 56.23000
163.70000 56.25000
163.70000 56.27000
163.69000 56.29000
163.67000 56.32000
163.64000 56.36000
163.63000 56.39000
163.62000 56.41000
163.59000 56.47000
163.57001 56.49000
163.53999 56.52000
163.50000 56.56000
163.49001 56.58000
163.45000 56.64000
163.42999 56.68000
163.42000 56.70000
163.39999 56.74000
163.38000 56.79000
163.37000 56.81000
163.35001 56.85000
163.31000 56.90000
163.28000 56.93000
163.25999 56.96000
163.28000 57.01000
163.28999 57.06000
163.31000 57.09000
163.35001 57.13000
163.38000 57.15000
163.42000 57.19000
163.44000 57.22000
163.44000 57.24000
163.44000 57.27000
163.44000 57.33000
163.42000 57.39000
163.42000 57.42000
163.42000 57.45000
163.42999 57.48000
163.42999 57.51000
163.44000 57.55000
163.48000 57.59000
163.52000 57.62000
163.55000 57.65000
163.63000 57.69000
163.66000 57.72000
163.70000 57.73000
163.71001 57.76000
163.73000 57.79000
163.72000 57.82000
163.73000 57.88000
163.74001 57.93000
163.75999 57.99000
163.77000 58.06000
163.78000 58.08000
163.78999 58.10000
163.82001 58.13000
163.85001 58.18000
163.89000 58.22000
163.92999 58.29000
163.95000 58.32000
163.96001 58.34000
163.99001 58.38000
164.00999 58.43000
164.06000 58.48000
164.09000 58.50000
164.14000 58.53000
164.17999 58.55000
164.24001 58.59000
164.28999 58.61000
164.36000 58.64000
164.42999 58.67000
164.50999 58.71000
164.57001 58.73000
164.60001 58.74000
164.66000 58.78000
164.69000 58.81000
164.71001 58.82000
164.74001 58.84000
164.80000 58.89000
164.81000 58.91000
164.85001 58.93000
164.89000 58.97000
164.94000 59.01000
164.96001 59.03000
165.00000 59.07000
165.00999 59.09000
165.03000 59.10000
165.06000 59.12000
165.08000 59.14000
165.10001 59.16000
165.12000 59.19000
165.14000 59.21000
165.17000 59.23000
165.20000 59.24000
165.22000 59.26000
165.25000 59.27000
165.28000 59.26000
165.30000 59.28000
165.34000 59.30000
165.41000 59.29000
165.42999 59.27000
165.45000 59.25000
165.47000 59.23000
165.50999 59.21000
165.53000 59.18000
165.56000 59.15000
165.60001 59.12000
165.63000 59.10000
165.64999 59.09000
165.67000 59.07000
165.69000 59.06000
165.73000 59.05000
165.77000 59.04000
165.78999 59.04000
165.81000 59.03000
165.86000 59.01000
165.89999 59.01000
165.92999 59.01000
165.97000 59.01000
165.99001 59.02000
166.00999 59.04000
166.05000 59.05000
166.10001 59.06000
166.14000 59.08000
166.17999 59.09000
166.20000 59.10000
166.22000 59.11000
166.25999 59.12000
166.28000 59.14000
166.28999 59.17000
166.30000 59.19000
166.30000 59.21000
166.30000 59.24000
166.30000 59.26000
166.30000 59.30000
166.28999 59.33000
166.28000 59.36000
166.27000 59.40000
166.27000 59.43000
166.27000 59.45000
166.28000 59.48000
166.31000 59.51000
166.34000 59.53000
166.39000 59.55000
166.42999 59.56000
166.47000 59.57000
166.50999 59.58000
166.57001 59.61000
166.62000 59.62000
166.64999 59.64000
166.67999 59.64000
166.74001 59.64000
166.78000 59.64000
166.84000 59.63000
166.89000 59.60000
166.96001 59.59000
166.99001 59.57000
167.03999 59.58000
167.05000 59.56000
167.08000 59.57000
167.10001 59.56000
167.14999 59.57000
167.20000 59.58000
167.24001 59.59000
167.25999 59.59000
167.28999 59.62000
167.32001 59.61000
167.34000 59.64000
167.37000 59.64000
167.39999 59.65000
167.44000 59.66000
167.48000 59.67000
167.50999 59.68000
167.53000 59.68000
167.56000 59.69000
167.59000 59.71000
167.67999 59.74000
167.72000 59.76000
167.77000 59.78000
167.84000 59.81000
167.94000 59.85000
167.97000 59.85000
168.00000 59.85000
168.05000 59.86000
168.09000 59.88000
168.09000 59.85000
168.13000 59.85000
168.16000 59.87000
168.17999 59.87000
168.25000 59.87000
168.28000 59.86000
168.36000 59.90000
168.39000 59.89000
168.44000 59.91000
168.49001 59.91000
168.53999 59.92000
168.63000 59.92000
168.67999 59.91000
168.72000 59.91000
168.78000 59.90000
168.86000 59.88000
168.89999 59.87000
168.92999 59.86000
169.03000 59.84000
169.13000 59.85000
169.21001 59.85000
169.25999 59.85000
169.30000 59.85000
169.39000 59.83000
169.49001 59.82000
169.53000 59.81000
169.61000 59.79000
169.69000 59.75000
169.72000 59.74000
169.75000 59.72000
169.81000 59.68000
169.84000 59.66000
169.89000 59.62000
169.92000 59.57000
169.94000 59.51000
169.92999 59.47000
169.94000 59.43000
169.97000 59.36000
169.98000 59.30000
169.96001 59.24000
169.96001 59.19000
169.96001 59.14000
169.98000 59.10000
169.99001 59.05000
170.00999 59.01000
170.00999 58.95000
170.00999 58.89000
170.00000 58.85000
169.99001 58.78000
169.97000 58.74000
169.95000 58.66000
169.92000 58.63000
169.86000 58.57000
169.82001 58.52000
169.78000 58.47000
169.74001 58.42000
169.73000 58.38000
169.74001 58.36000
169.75999 58.31000
169.78000 58.25000
169.81000 58.22000
169.85001 58.18000
169.91000 58.14000
169.97000 58.11000
170.03000 58.08000
170.12000 58.05000
170.17999 58.02000
170.23000 58.00000
170.28999 57.97000
170.32001 57.95000
170.36000 57.92000
170.42000 57.87000
170.47000 57.83000
170.50999 57.78000
170.50999 57.75000
170.52000 57.70000
170.53000 57.68000
170.53999 57.61000
170.53000 57.56000
170.50000 57.50000
170.49001 57.44000
170.48000 57.40000
170.49001 57.37000
170.52000 57.40000
170.56000 57.45000
170.60001 57.48000
170.64999 57.54000
170.73000 57.62000
170.81000 57.71000
170.86000 57.78000
170.89000 57.84000
170.92999 57.91000
170.98000 57.99000
171.02000 58.06000
171.03000 58.12000
171.06000 58.19000
171.08000 58.28000
171.09000 58.38000
171.08000 58.50000
171.06000 58.61000
171.03000 58.68000
170.98000 58.76000
170.95000 58.85000
170.92000 58.94000
170.85001 59.04000
170.78999 59.12000
170.75000 59.23000
170.71001 59.33000
170.69000 59.38000
170.62000 59.45000
170.57001 59.52000
170.53999 59.59000
170.53999 59.63000
170.53999 59.65000
170.56000 59.68000
170.59000 59.70000
170.64999 59.74000
170.70000 59.78000
170.77000 59.81000
170.83000 59.85000
170.89999 59.91000
170.95000 59.96000
170.99001 60.01000
171.02000 60.06000
171.05000 60.13000
171.09000 60.19000
171.12000 60.24000
171.14999 60.29000
171.19000 60.32000
171.22000 60.35000
171.28999 60.37000
171.37000 60.40000
171.44000 60.41000
171.52000 60.42000
171.61000 60.42000
171.70000 60.42000
171.74001 60.41000
171.78999 60.39000
171.83000 60.37000
171.89999 60.36000
171.95000 60.37000
172.05000 60.41000
172.17000 60.42000
172.28000 60.45000
172.39999 60.50000
172.53000 60.55000
172.60001 60.57000
172.69000 60.57000
172.74001 60.58000
172.78999 60.59000
172.88000 60.61000
172.97000 60.62000
173.09000 60.64000
173.17999 60.65000
173.25000 60.66000
173.33000 60.66000
173.45000 60.66000
173.49001 60.67000
173.60001 60.68000
173.69000 60.68000
173.77000 60.68000
173.91000 60.69000
174.03999 60.68000
174.13000 60.70000
174.21001 60.75000
174.32001 60.81000
174.39000 60.87000
174.45000 60.92000
174.53000 60.98000
174.64000 61.03000
174.70000 61.04000
174.83000 61.08000
174.91000 61.09000
175.00999 61.12000
175.20000 61.17000
175.27000 61.19000
175.39999 61.23000
175.53999 61.27000
175.66000 61.32000
175.84000 61.37000
175.95000 61.40000
175.97000 61.40000
176.02000 61.42000
176.11000 61.44000
176.20000 61.47000
176.30000 61.49000
176.37000 61.50000
176.58000 61.51000
176.67000 61.53000
176.74001 61.54000
176.87000 61.59000
176.94000 61.61000
177.06000 61.64000
177.14000 61.66000
177.25999 61.67000
177.39999 61.66000
177.48000 61.66000
177.59000 61.66000
177.67999 61.64000
177.77000 61.62000
177.85001 61.59000
177.99001 61.57000
178.12000 61.57000
178.25000 61.56000
178.30000 61.54000
178.36000 61.53000
178.49001 61.50000
178.52000 61.48000
178.55000 61.47000
178.57001 61.43000
178.58000 61.40000
178.60001 61.37000
178.64000 61.33000
178.67999 61.29000
178.72000 61.26000
178.80000 61.22000
178.84000 61.21000
178.92999 61.20000
178.98000 61.19000
179.14000 61.17000
179.25999 61.14000
179.38000 61.10000
179.50000 61.04000
179.63000 60.99000
179.78999 60.93000
179.92999 60.87000
180.05000 60.80000
180.14999 60.73000
180.17000 60.69000
180.22000 60.63000
180.25999 60.56000
180.27000 60.54000
180.33000 60.48000
180.36000 60.43000
180.38000 60.40000
180.42000 60.37000
180.50000 60.31000
180.56000 60.25000
180.59000 60.22000
180.59000 60.19000
180.53000 60.16000
180.50999 60.15000
180.57001 60.14000
180.69000 60.12000
180.83000 60.11000
180.91000 60.10000
180.92999 60.10000
181.02000 60.09000
181.10001 60.07000
181.17000 60.04000
181.25999 60.00000
181.30000 59.98000
181.33000 59.98000
181.38000 59.95000
181.39000 59.93000
181.39999 59.89000
181.41000 59.83000
181.41000 59.72000
181.42999 59.63000
181.46001 59.58000
181.49001 59.52000
181.50000 59.45000
181.50000 59.41000
181.50999 59.33000
181.50999 59.28000
181.50000 59.23000
181.50000 59.20000
181.50999 59.12000
181.52000 59.08000
181.53000 59.03000
181.58000 58.98000
181.62000 58.93000
181.67999 58.88000
181.73000 58.83000
181.78000 58.79000
181.82001 58.75000
181.88000 58.69000
181.94000 58.64000
181.99001 58.61000
182.03999 58.59000
182.07001 58.60000
182.10001 58.60000
182.17000 58.61000
182.28000 58.64000
182.33000 58.64000
182.42000 58.65000
182.49001 58.65000
182.55000 58.63000
182.62000 58.61000
182.72000 58.59000
182.84000 58.57000
182.94000 58.55000
183.03000 58.52000
183.11000 58.49000
183.14999 58.48000
183.24001 58.48000
183.33000 58.49000
183.50000 58.48000
183.59000 58.48000
183.67000 58.48000
183.71001 58.48000
183.74001 58.48000
183.92000 58.46000
184.03999 58.46000
184.17999 58.44000
184.27000 58.40000
184.33000 58.36000
184.42000 58.31000
184.47000 58.26000
184.56000 58.23000
184.64999 58.24000
184.74001 58.25000
184.77000 58.26000
184.78999 58.27000
184.82001 58.28000
184.85001 58.31000
184.89999 58.34000
184.92000 58.38000
185.00000 58.43000
185.03000 58.45000
185.09000 58.47000
185.17000 58.48000
185.21001 58.47000
185.27000 58.45000
185.33000 58.41000
185.37000 58.38000
185.41000 58.35000
185.46001 58.31000
185.53999 58.26000
185.60001 58.22000
185.64000 58.16000
185.70000 58.10000
185.75999 58.04000
186.00999 57.29000
185.99001 57.28000
186.00000 57.26000
186.03000 57.21000
186.07001 57.13000
186.10001 57.07000
186.13000 57.02000
186.19000 56.94000
186.22000 56.94000
186.24001 56.94000
186.28000 56.94000
186.32001 56.93000
186.36000 56.93000
186.41000 56.91000
186.45000 56.90000
186.47000 56.88000
186.53000 56.84000
186.56000 56.79000
186.58000 56.75000
186.62000 56.67000
186.66000 56.64000
186.67999 56.64000
186.74001 56.62000
186.84000 56.58000
186.97000 56.53000
187.07001 56.49000
187.19000 56.45000
187.22000 56.45000
187.25999 56.44000
187.33000 56.44000
187.42000 56.45000
187.44000 56.46000
187.52000 56.47000
187.57001 56.47000
187.75000 56.48000
187.89999 56.47000
188.00000 56.47000
188.03999 56.47000
188.14999 56.46000
188.21001 56.44000
188.36000 56.37000
188.38000 56.37000
188.41000 56.37000
188.50999 56.37000
188.60001 56.30000
188.64000 56.24000
188.75000 56.19000
188.84000 56.17000
188.89999 56.15000
189.02000 56.11000
189.13000 56.07000
189.21001 56.05000
189.23000 56.05000
189.25999 56.05000
189.35001 56.05000
189.38000 56.05000
189.47000 56.04000
189.58000 56.03000
189.67000 55.96000
189.74001 55.91000
189.81000 55.88000
189.86000 55.87000
189.88000 55.88000
189.96001 55.88000
190.09000 55.89000
190.20000 55.90000
190.23000 55.91000
190.32001 55.92000
190.39000 55.92000
190.48000 55.94000
190.56000 55.95000
190.70000 55.98000
190.78999 55.99000
190.91000 56.01000
190.97000 56.00000
191.03999 55.95000
191.03999 55.88000
191.03999 55.83000
191.05000 55.79000
191.07001 55.71000
191.12000 55.63000
191.19000 55.57000
191.27000 55.55000
191.39000 55.50000
191.50999 55.44000
191.60001 55.37000
191.66000 55.32000
191.72000 55.25000
191.81000 55.16000
191.89999 55.11000
192.00000 55.06000
192.11000 54.97000
192.19000 54.92000
192.24001 54.87000
192.30000 54.78000
192.30000 54.71000
192.27000 54.65000
192.24001 54.58000
192.22000 54.51000
192.21001 54.44000
192.22000 54.38000
192.25999 54.36000
192.32001 54.36000
192.46001 54.35000
192.66000 54.34000
192.85001 54.32000
192.99001 54.31000
193.14000 54.31000
193.28999 54.30000
193.34000 54.27000
193.36000 54.25000
193.38000 54.23000
193.35001 54.20000
193.23000 54.15000
193.06000 54.09000
192.92000 54.05000
192.78999 54.00000
192.70000 53.94000
192.60001 53.86000
192.53000 53.78000
192.44000 53.72000
192.37000 53.68000
192.27000 53.66000
192.07001 53.65000
191.91000 53.63000
191.73000 53.63000
191.59000 53.59000
191.50999 53.56000
191.42999 53.53000
191.33000 53.48000
191.28000 53.43000
191.16000 53.36000
191.10001 53.30000
190.96001 53.26000
190.87000 53.22000
190.81000 53.18000
190.72000 53.13000
190.67999 53.10000
190.52000 53.11000
190.39000 53.15000
190.36000 53.20000
190.28000 53.24000
190.19000 53.27000
190.11000 53.26000
189.99001 53.22000
189.89999 53.18000
189.72000 53.13000
189.63000 53.10000
189.52000 53.05000
189.44000 53.00000
189.34000 52.95000
189.22000 52.90000
189.14999 52.89000
189.12000 52.89000
189.00000 52.91000
188.92999 52.92000
188.71001 52.92000
188.49001 52.90000
188.36000 52.86000
188.25999 52.83000
188.22000 52.81000
188.17999 52.80000
188.14000 52.77000
187.98000 52.74000
187.89000 52.73000
187.73000 52.72000
187.66000 52.72000
187.57001 52.71000
187.53000 52.70000
187.49001 52.67000
187.41000 52.62000
187.28999 52.58000
187.21001 52.56000
187.02000 52.54000
186.99001 52.53000
186.92000 52.55000
186.78000 52.60000
186.69000 52.63000
186.62000 52.62000
186.50000 52.58000
186.36000 52.54000
186.20000 52.51000
186.03999 52.47000
185.95000 52.46000
185.84000 52.44000
185.78000 52.43000
185.73000 52.43000
185.62000 52.41000
185.50000 52.39000
185.41000 52.37000
185.28999 52.34000
185.22000 52.32000
185.17000 52.30000
185.14000 52.29000
185.12000 52.27000
185.08000 52.25000
185.03999 52.24000
184.98000 52.24000
184.89999 52.23000
184.84000 52.21000
184.78999 52.19000
184.72000 52.18000
184.62000 52.16000
184.52000 52.15000
184.50999 52.17000
184.46001 52.17000
184.35001 52.18000
184.28999 52.18000
184.20000 52.18000
184.10001 52.17000
184.02000 52.15000
183.94000 52.14000
183.82001 52.11000
183.75000 52.09000
183.69000 52.07000
183.64000 52.06000
183.58000 52.04000
183.53999 52.03000
183.47000 52.02000
183.42000 52.02000
183.34000 52.01000
183.25000 52.00000
183.23000 51.99000
183.17999 51.98000
183.06000 51.95000
182.98000 51.95000
182.86000 51.96000
182.74001 51.94000
182.64999 51.93000
182.56000 51.92000
182.47000 51.91000
182.42999 51.90000
182.33000 51.91000
182.20000 51.91000
182.11000 51.92000
182.03999 51.91000
181.99001 51.90000
181.96001 51.91000
181.91000 51.91000
181.84000 51.90000
181.78999 51.88000
181.72000 51.84000
181.69000 51.82000
181.67999 51.80000
181.64000 51.78000
181.58000 51.76000
181.53000 51.75000
181.47000 51.74000
181.41000 51.76000
181.33000 51.78000
181.30000 51.81000
181.23000 51.82000
181.16000 51.82000
181.07001 51.80000
180.98000 51.78000
180.89999 51.75000
180.85001 51.72000
180.71001 51.66000
180.66000 51.64000
180.61000 51.62000
180.59000 51.60000
180.59000 51.58000
180.58000 51.52000
180.58000 51.48000
180.61000 51.45000
180.63000 51.42000
180.64000 51.37000
180.69000 51.30000
180.72000 51.28000
180.75000 51.26000
180.78000 51.23000
180.80000 51.17000
180.82001 51.16000
180.85001 51.14000
180.89000 51.11000
180.91000 51.09000
180.97000 51.11000
181.03999 51.14000
181.10001 51.17000
181.17999 51.21000
181.25000 51.24000
181.30000 51.25000
181.35001 51.26000
181.39999 51.25000
181.50000 51.29000
181.59000 51.31000
181.66000 51.31000
181.78000 51.32000
181.89000 51.33000
181.95000 51.36000
182.03999 51.39000
182.11000 51.40000
182.22000 51.43000
182.30000 51.45000
182.38000 51.46000
182.52000 51.48000
182.63000 51.49000
182.71001 51.48000
182.75999 51.49000
182.83000 51.49000
182.89000 51.51000
182.94000 51.53000
182.97000 51.54000
183.03000 51.51000
183.05000 51.49000
183.11000 51.44000
183.21001 51.42000
183.30000 51.42000
183.41000 51.45000
183.53000 51.48000
183.64999 51.50000
183.80000 51.51000
183.99001 51.55000
184.17000 51.58000
184.27000 51.61000
184.35001 51.63000
184.45000 51.65000
184.58000 51.68000
184.70000 51.69000
184.83000 51.71000
185.00999 51.72000
185.17000 51.73000
185.32001 51.74000
185.47000 51.76000
185.59000 51.78000
185.70000 51.79000
185.86000 51.80000
185.99001 51.80000
186.02000 51.80000
186.09000 51.80000
186.25999 51.82000
186.42999 51.83000
186.56000 51.85000
186.69000 51.85000
186.83000 51.86000
186.98000 51.87000
187.08000 51.87000
187.20000 51.89000
187.34000 51.90000
187.42999 51.90000
187.64000 51.89000
187.80000 51.89000
187.94000 51.88000
188.10001 51.89000
188.23000 51.92000
188.36000 51.96000
188.49001 52.02000
188.63000 52.08000
188.78999 52.14000
188.94000 52.18000
189.07001 52.17000
189.17000 52.15000
189.27000 52.14000
189.41000 52.15000
189.48000 52.19000
189.55000 52.23000
189.71001 52.25000
189.82001 52.29000
189.94000 52.31000
189.96001 52.32000
189.92000 52.30000
189.89999 52.30000
189.94000 52.32000
189.99001 52.32000
189.94000 52.32000
189.96001 52.32000
190.05000 52.35000
190.11000 52.39000
190.17999 52.40000
190.25000 52.40000
190.35001 52.41000
190.44000 52.43000
190.53999 52.46000
190.62000 52.50000
190.64999 52.51000
190.69000 52.52000
190.74001 52.53000
190.81000 52.55000
190.88000 52.57000
190.94000 52.58000
191.03000 52.60000
191.10001 52.63000
191.17999 52.66000
191.25000 52.69000
191.30000 52.70000
191.32001 52.70000
191.39999 52.73000
191.44000 52.75000
191.49001 52.76000
191.53000 52.77000
191.62000 52.80000
191.67999 52.81000
191.74001 52.82000
191.78000 52.83000
191.82001 52.85000
191.85001 52.87000
191.87000 52.87000
191.92999 52.87000
191.98000 52.87000
192.12000 52.89000
192.19000 52.89000
192.27000 52.89000
192.38000 52.90000
192.39999 52.90000
192.50999 52.92000
192.53999 52.93000
192.61000 52.97000
192.66000 52.98000
192.71001 52.98000
192.81000 53.01000
192.87000 53.03000
192.89000 53.04000
192.95000 53.06000
193.00999 53.07000
193.03999 53.07000
193.09000 53.08000
193.14999 53.09000
193.25000 53.11000
193.38000 53.14000
193.44000 53.15000
193.52000 53.18000
193.53999 53.18000
193.56000 53.18000
193.59000 53.18000
193.78999 53.17000
193.81000 53.17000
193.96001 53.24000
194.05000 53.29000
194.14999 53.35000
194.24001 53.41000
194.32001 53.45000
194.37000 53.48000
194.46001 53.51000
194.50000 53.53000
194.52000 53.53000
194.64000 53.52000
194.78999 53.54000
194.84000 53.55000
194.98000 53.54000
195.12000 53.55000
195.19000 53.57000
195.27000 53.58000
195.32001 53.57000
195.44000 53.58000
195.53000 53.59000
195.62000 53.61000
195.67999 53.62000
195.75000 53.64000
195.82001 53.66000
195.89999 53.67000
195.97000 53.68000
196.08000 53.70000
196.20000 53.72000
196.30000 53.74000
196.45000 53.78000
196.53000 53.79000
196.62000 53.80000
196.67999 53.81000
196.75000 53.82000
196.89000 53.86000
196.98000 53.88000
197.05000 53.89000
197.20000 53.91000
197.31000 53.94000
197.38000 53.95000
197.53999 53.97000
197.67000 53.98000
197.72000 53.99000
197.86000 53.98000
197.89000 53.98000
197.96001 53.97000
198.06000 53.95000
198.28000 53.92000
198.36000 53.93000
198.45000 53.96000
198.50999 53.99000
198.58000 54.05000
198.63000 54.09000
198.70000 54.13000
198.67000 54.14000
198.77000 54.15000
198.87000 54.15000
198.99001 54.15000
199.08000 54.15000
199.23000 54.15000
199.33000 54.14000
199.42000 54.13000
199.53999 54.14000
199.63000 54.14000
199.72000 54.15000
199.84000 54.16000
199.91000 54.18000
199.98000 54.21000
200.03999 54.22000
200.12000 54.24000
200.24001 54.26000
200.27000 54.26000
200.33000 54.27000
200.42999 54.29000
200.50999 54.30000
200.64000 54.32000
200.72000 54.33000
200.77000 54.34000
200.86000 54.36000
201.05000 54.38000
201.16000 54.39000
201.25999 54.43000
201.36000 54.47000
201.45000 54.49000
201.57001 54.52000
201.67999 54.53000
201.81000 54.55000
202.00999 54.58000
202.20000 54.63000
202.32001 54.66000
202.46001 54.70000
202.58000 54.75000
202.64000 54.77000
202.75999 54.82000
202.92000 54.86000
203.03999 54.92000
203.16000 54.94000
203.20000 54.95000
203.24730 55.00000
203.66400 55.08314
203.91389 55.16647
204.24730 55.24980
204.41389 55.33313
204.66389 55.41647
205.16389 55.49980
205.58051 55.58313
205.83051 55.66646
205.83051 55.74979
206.66380 55.91646
206.66380 55.99979
206.74710 56.08312
206.83040 56.16645
207.24710 56.24979
207.66370 56.33312
207.83040 56.41645
208.08040 56.49978
208.33031 56.58311
208.41370 56.66645
208.49699 56.74978
208.74699 56.83311
208.91360 56.91644
209.08031 56.99977
209.33031 57.08311
209.49690 57.16644
209.66360 57.24977
209.91360 57.33310
210.08020 57.41644
210.24690 57.49977
210.33020 57.58310
210.49690 57.66643
210.66350 57.74976
210.91350 57.83310
211.16350 57.91643
211.33020 57.99976
211.41350 58.08309
211.49680 58.16642
211.58009 58.24976
211.66350 58.33309
211.66350 58.41642
211.74680 58.49975
211.83009 58.58308
211.91350 58.66642
211.99680 58.74975
212.08009 58.83308
212.24680 58.91641
212.49680 58.99974
212.66341 59.08308
213.16341 59.16641
213.83000 59.24974
214.16330 59.33307
214.66330 59.41640
215.57990 59.49974
216.32990 59.49974
216.57980 59.49974
217.24651 59.49974
217.49640 59.41640
217.57980 59.33307
217.74640 59.24974
218.07970 59.16641
218.32970 59.08308
218.57970 58.99974
218.82970 58.91641
218.91299 58.83308
219.07970 58.74975
219.49631 58.66642
219.66299 58.58308
219.82961 58.49975
999.00000 99.00000
180.58000 52.47000
180.61000 52.52000
180.64000 52.56000
180.67000 52.62000
180.67999 52.66000
180.72000 52.69000
180.72000 52.73000
180.72000 52.76000
180.67999 52.77000
180.63000 52.72000
180.59000 52.67000
180.52000 52.63000
180.42999 52.60000
180.35001 52.60000
180.25999 52.60000
180.24001 52.62000
180.27000 52.69000
180.32001 52.75000
180.36000 52.79000
180.39000 52.88000
180.42000 52.97000
180.42000 53.05000
180.41000 53.14000
180.39000 53.25000
180.45000 53.31000
180.50999 53.33000
180.60001 53.42000
180.62000 53.47000
180.63000 53.52000
180.61000 53.57000
180.57001 53.60000
180.44000 53.65000
180.32001 53.70000
180.24001 53.75000
180.24001 53.77000
180.23000 53.81000
180.21001 53.85000
180.14999 53.95000
180.12000 54.03000
180.06000 54.11000
180.03000 54.14000
179.98000 54.18000
179.94000 54.22000
179.86000 54.30000
179.80000 54.35000
179.73000 54.40000
179.67000 54.44000
179.59000 54.48000
179.48000 54.51000
179.39000 54.55000
179.34000 54.60000
179.25999 54.67000
179.16000 54.70000
179.11000 54.71000
179.09000 54.71000
179.00000 54.74000
178.87000 54.79000
178.84000 54.84000
178.74001 54.87000
178.62000 54.90000
178.52000 54.93000
178.42000 54.94000
178.36000 54.94000
178.34000 54.93000
178.30000 54.88000
178.28000 54.84000
178.28000 54.80000
178.31000 54.76000
178.35001 54.72000
178.39000 54.69000
178.42999 54.67000
178.49001 54.66000
178.58000 54.65000
178.67000 54.62000
178.78000 54.58000
178.87000 54.55000
178.95000 54.51000
178.98000 54.49000
179.02000 54.46000
179.03999 54.45000
179.09000 54.41000
179.14999 54.37000
179.20000 54.31000
179.24001 54.24000
179.28999 54.17000
179.34000 54.12000
179.36000 54.09000
179.42000 54.07000
179.45000 54.06000
179.49001 54.02000
179.50999 54.00000
179.57001 53.93000
179.63000 53.86000
179.69000 53.80000
179.75000 53.74000
179.80000 53.68000
179.82001 53.63000
179.85001 53.58000
179.87000 53.53000
179.94000 53.47000
180.00000 53.41000
180.02000 53.34000
180.03999 53.28000
180.03000 53.23000
180.03999 53.14000
180.03999 53.06000
180.05000 52.99000
180.06000 52.92000
180.07001 52.87000
180.08000 52.80000
180.07001 52.77000
180.03999 52.71000
180.03000 52.69000
179.99001 52.66000
179.94000 52.62000
179.87000 52.59000
179.82001 52.57000
179.75999 52.53000
179.67999 52.50000
179.63000 52.48000
179.60001 52.47000
179.50000 52.43000
179.38000 52.38000
179.35001 52.37000
179.30000 52.35000
179.22000 52.32000
179.11000 52.26000
179.02000 52.23000
178.92999 52.21000
178.84000 52.21000
178.81000 52.21000
178.72000 52.22000
178.67999 52.22000
178.50000 52.13000
178.52000 52.15000
178.52000 52.17000
178.42999 52.18000
178.36000 52.19000
178.22000 52.14000
178.17000 52.16000
178.11000 52.15000
177.98000 52.14000
177.82001 52.14000
177.70000 52.16000
177.60001 52.18000
177.50000 52.18000
177.39000 52.16000
177.24001 52.13000
177.11000 52.12000
177.09000 52.12000
177.02000 52.14000
176.92000 52.16000
176.75000 52.21000
176.59000 52.25000
176.47000 52.27000
176.36000 52.30000
176.28000 52.34000
176.13000 52.38000
176.03000 52.41000
175.87000 52.45000
175.70000 52.48000
175.58000 52.50000
175.49001 52.50000
175.47000 52.48000
175.39000 52.46000
175.28000 52.44000
175.17000 52.46000
175.03000 52.51000
174.92000 52.54000
174.86000 52.57000
174.78999 52.60000
174.75000 52.62000
174.64999 52.65000
174.53000 52.67000
174.38000 52.69000
174.24001 52.73000
174.17999 52.75000
174.11000 52.78000
174.08000 52.79000
173.94000 52.82000
173.78999 52.86000
173.64000 52.88000
173.49001 52.90000
173.39000 52.95000
173.33000 52.97000
173.28999 53.00000
173.20000 53.02000
173.08000 53.05000
173.00000 53.07000
172.94000 53.08000
172.85001 53.10000
172.77000 53.10000
172.73000 53.11000
172.63000 53.10000
172.56000 53.09000
172.42999 53.05000
172.35001 53.05000
172.32001 53.04000
172.27000 53.03000
172.20000 53.01000
172.11000 53.01000
172.05000 53.03000
171.99001 53.04000
171.96001 53.02000
171.95000 52.99000
171.95000 52.97000
171.96001 52.95000
171.98000 52.93000
171.97000 52.90000
171.97000 52.87000
171.97000 52.85000
171.99001 52.83000
172.02000 52.81000
172.06000 52.80000
172.10001 52.80000
172.17000 52.80000
172.25000 52.79000
172.31000 52.78000
172.35001 52.77000
172.39000 52.76000
172.46001 52.75000
172.50999 52.73000
172.60001 52.69000
172.61000 52.67000
172.67000 52.62000
172.71001 52.58000
172.75999 52.53000
172.78999 52.50000
172.84000 52.45000
172.89000 52.40000
172.95000 52.36000
173.03999 52.32000
173.10001 52.29000
173.12000 52.28000
173.17999 52.27000
173.23000 52.26000
173.33000 52.23000
173.42000 52.20000
173.50999 52.18000
173.59000 52.15000
173.66000 52.13000
173.75999 52.12000
173.83000 52.11000
173.87000 52.11000
173.92000 52.13000
173.97000 52.16000
174.03999 52.18000
174.06000 52.18000
174.12000 52.19000
174.22000 52.19000
174.69000 51.99000
174.69000 51.97000
174.71001 51.95000
174.74001 51.93000
174.78999 51.94000
174.83000 51.95000
174.86000 51.95000
174.91000 51.96000
174.99001 51.97000
175.03000 51.95000
175.06000 51.94000
175.12000 51.91000
175.17999 51.88000
175.25000 51.85000
175.27000 51.83000
175.31000 51.80000
175.35001 51.76000
175.41000 51.71000
175.47000 51.66000
175.52000 51.62000
175.55000 51.60000
175.60001 51.58000
175.63000 51.58000
175.70000 51.60000
175.78000 51.61000
175.83000 51.63000
175.89999 51.66000
175.94000 51.71000
176.00000 51.76000
176.03000 51.79000
176.08000 51.82000
176.11000 51.84000
176.19000 51.88000
176.20000 51.90000
176.22000 51.92000
176.23000 51.94000
176.32001 51.95000
176.37000 51.93000
176.45000 51.90000
176.53999 51.88000
176.64000 51.87000
176.67999 51.88000
176.73000 51.89000
176.78000 51.89000
176.86000 51.92000
176.92999 51.93000
176.99001 51.93000
177.08000 51.90000
177.06000 51.89000
177.02000 51.85000
176.98000 51.80000
176.96001 51.75000
176.96001 51.72000
176.97000 51.70000
177.00000 51.68000
177.08000 51.66000
177.14999 51.66000
177.24001 51.66000
177.32001 51.66000
177.35001 51.66000
177.46001 51.65000
177.52000 51.65000
177.58000 51.64000
177.61000 51.64000
177.67999 51.62000
177.72000 51.61000
177.80000 51.60000
177.89999 51.59000
177.98000 51.55000
178.00999 51.54000
178.08000 51.52000
178.12000 51.51000
178.21001 51.49000
178.25999 51.46000
178.28000 51.45000
178.28999 51.43000
178.41000 51.37000
178.53000 51.33000
178.67999 51.31000
178.71001 51.31000
178.77000 51.31000
178.81000 51.30000
178.88000 51.26000
178.95000 51.23000
179.00000 51.20000
179.07001 51.18000
179.16000 51.17000
179.23000 51.17000
179.27000 51.18000
179.33000 51.20000
179.42999 51.23000
179.53999 51.27000
179.56000 51.30000
179.63000 51.35000
179.64999 51.36000
179.73000 51.37000
179.82001 51.39000
179.89000 51.43000
179.92999 51.47000
179.99001 51.49000
180.02000 51.49000
180.12000 51.54000
180.09000 51.57000
180.07001 51.62000
180.00999 51.69000
180.00999 51.76000
180.02000 51.83000
180.03999 51.88000
180.10001 51.93000
180.17000 51.98000
180.25000 52.03000
180.31000 52.07000
180.35001 52.12000
180.37000 52.14000
180.42000 52.20000
180.42999 52.22000
180.47000 52.25000
180.49001 52.29000
180.53000 52.34000
180.58000 52.41000
180.61000 52.45000
180.61000 52.52000
999.00000 99.00000
176.16000 54.62000
176.14000 54.64000
176.11000 54.69000
176.13000 54.73000
176.16000 54.76000
176.20000 54.81000
176.22000 54.83000
176.25000 54.86000
176.27000 54.87000
176.30000 54.89000
176.35001 54.90000
176.39999 54.91000
176.44000 54.92000
176.49001 54.94000
176.53999 54.97000
176.60001 54.98000
176.66000 54.99000
176.71001 54.99000
176.74001 54.99000
176.78000 54.99000
176.85001 54.99000
176.88000 54.98000
176.92999 54.96000
176.96001 54.93000
176.96001 54.91000
176.99001 54.88000
176.96001 54.82000
176.91000 54.79000
176.87000 54.76000
176.82001 54.73000
176.78999 54.73000
176.73000 54.72000
176.67000 54.71000
176.63000 54.70000
176.57001 54.68000
176.48000 54.64000
176.39999 54.62000
176.35001 54.62000
176.28000 54.61000
176.16000 54.62000
176.13000 54.65000
999.00000 99.00000
170.66000 52.92000
170.64000 52.94000
170.64999 52.97000
170.64999 53.01000
170.64999 53.05000
170.64999 53.10000
170.63000 53.14000
170.61000 53.18000
170.58000 53.24000
170.57001 53.28000
170.62000 53.30000
170.66000 53.31000
170.72000 53.31000
170.75999 53.30000
170.82001 53.29000
170.86000 53.28000
170.89000 53.26000
170.94000 53.22000
170.99001 53.20000
171.06000 53.16000
171.08000 53.15000
171.11000 53.13000
171.14999 53.09000
171.16000 53.05000
171.14999 53.02000
171.13000 52.99000
171.10001 52.97000
171.08000 52.95000
171.03999 52.92000
171.00000 52.90000
170.95000 52.89000
170.88000 52.87000
170.82001 52.88000
170.75999 52.89000
170.73000 52.89000
170.64999 52.90000
170.66000 52.92000
999.00000 99.00000
169.02000 53.99000
168.96001 54.01000
168.94000 54.03000
168.91000 54.07000
168.92999 54.09000
168.96001 54.10000
169.00000 54.11000
169.02000 54.12000
169.05000 54.12000
169.10001 54.11000
169.16000 54.11000
169.24001 54.05000
169.28000 54.00000
169.28999 53.95000
169.27000 53.92000
169.24001 53.91000
169.19000 53.91000
169.14999 53.93000
169.08000 53.96000
169.03000 54.00000
169.02000 53.99000
999.00000 99.00000
168.47000 54.21000
168.42000 54.24000
168.37000 54.26000
168.32001 54.28000
168.27000 54.31000
168.20000 54.35000
168.14999 54.36000
168.10001 54.37000
168.03999 54.39000
167.94000 54.40000
167.87000 54.41000
167.84000 54.42000
167.78999 54.43000
167.69000 54.43000
167.58000 54.45000
167.50999 54.48000
167.44000 54.51000
167.38000 54.52000
167.34000 54.54000
167.27000 54.58000
167.20000 54.62000
167.16000 54.64000
167.09000 54.66000
167.00000 54.63000
166.97000 54.55000
166.91000 54.50000
166.85001 54.50000
166.78999 54.52000
166.71001 54.53000
166.67000 54.58000
166.60001 54.61000
166.55000 54.63000
166.46001 54.67000
166.37000 54.73000
166.34000 54.76000
166.28000 54.82000
166.17999 54.90000
166.10001 54.96000
166.07001 55.00000
166.00000 55.04000
165.96001 55.07000
165.92999 55.10000
165.91000 55.10000
165.82001 55.12000
165.80000 55.13000
165.72000 55.15000
165.64999 55.14000
165.64000 55.16000
165.59000 55.18000
165.53000 55.21000
165.47000 55.26000
165.41000 55.30000
165.38000 55.32000
165.33000 55.35000
165.25999 55.39000
165.22000 55.42000
165.13000 55.46000
165.08000 55.49000
165.06000 55.51000
165.05000 55.53000
165.05000 55.56000
165.07001 55.58000
165.10001 55.61000
165.14999 55.63000
165.19000 55.64000
165.23000 55.64000
165.25999 55.65000
165.31000 55.66000
165.36000 55.66000
165.49001 55.64000
166.44000 55.34000
166.47000 55.31000
166.53000 55.28000
166.61000 55.26000
166.70000 55.25000
166.78999 55.24000
166.84000 55.23000
166.87000 55.23000
166.95000 55.21000
167.00000 55.18000
167.09000 55.14000
167.12000 55.12000
167.21001 55.09000
167.25999 55.06000
167.33000 55.01000
167.41000 54.97000
168.25999 54.58000
168.27000 54.56000
168.33000 54.55000
168.36000 54.53000
168.42000 54.51000
168.47000 54.47000
168.56000 54.44000
168.58000 54.39000
168.60001 54.36000
168.63000 54.33000
168.64000 54.31000
168.66000 54.26000
168.66000 54.24000
168.64999 54.22000
168.62000 54.21000
168.58000 54.20000
168.55000 54.20000
168.52000 54.19000
168.49001 54.20000
999.00000 99.00000
159.16550 52.75014
159.58214 52.75014
158.91551 52.75014
158.83218 52.66681
158.83218 52.58348
158.83218 52.50015
158.74886 52.41682
158.83218 52.33348
158.91551 52.25015
158.91551 52.16682
158.83218 52.08349
158.83218 52.00016
158.83218 51.91682
158.74886 51.83349
158.74886 51.75016
158.66553 51.66683
158.74886 51.58350
158.66553 51.50016
158.58220 51.41683
158.66553 51.33350
158.66553 51.25017
158.58220 51.16684
158.58220 51.08350
158.41554 51.00017
158.41554 50.91684
158.24889 50.83351
158.08223 50.75018
157.99890 50.66684
157.91557 50.58351
157.83224 50.50018
157.66559 50.41685
157.49893 50.33352
157.16562 50.25018
156.91563 50.16685
156.83231 50.08352
156.83231 50.00019
156.74898 49.91685
156.74898 49.83352
156.74898 49.75019
156.58232 49.66686
156.41566 49.58353
156.33234 49.50019
156.24901 49.41686
156.16568 49.33353
155.99902 49.25020
155.91570 49.16687
155.74904 49.08353
155.66571 49.00020
155.58238 48.91687
155.49905 48.83354
155.41573 48.75021
155.24907 48.66687
155.16574 48.58354
155.16574 48.50021
155.16574 48.41688
155.08241 48.33355
155.08241 48.25021
154.91576 48.16688
154.83243 48.08355
154.74910 48.00022
154.66577 47.91689
154.58244 47.83355
154.41579 47.83355
154.33246 47.91689
154.24913 48.00022
154.24913 48.08355
154.24913 48.16688
154.24913 48.25021
154.33246 48.33355
153.99915 48.41688
153.83249 48.33355
153.66583 48.25021
153.58250 48.16688
153.58250 48.08355
153.49918 48.00022
153.33252 47.91689
153.24919 47.83355
153.08253 47.75022
153.08253 47.66689
153.08253 47.58356
152.99921 47.50023
152.99921 47.41689
152.91588 47.33356
152.83255 47.25023
152.74922 47.16690
152.66589 47.08356
152.58257 47.00023
152.49924 46.91690
152.33258 46.83357
152.16592 46.75024
151.74928 46.75024
151.66595 46.83357
151.66595 46.91690
151.83261 47.00023
151.91594 47.08356
151.99927 47.16690
152.08260 47.25023
152.08260 47.33356
152.33258 47.41689
152.66589 47.50023
152.74922 47.58356
152.83255 47.66689
152.83255 47.75022
152.91588 47.83355
152.91588 47.91689
152.99921 48.00022
153.08253 48.08355
153.08253 48.16688
153.16586 48.25021
153.16586 48.33355
153.49918 48.33355
153.49918 48.41688
153.58250 48.50021
153.66583 48.58354
153.74916 48.66687
153.83249 48.75021
153.83249 48.83354
153.83249 48.91687
153.74916 49.00020
153.83249 49.08353
153.91582 49.16687
154.08247 49.16687
154.16580 49.16687
154.33246 49.25020
154.24913 49.33353
154.16580 49.41686
154.24913 49.50019
154.16580 49.58353
153.99915 49.66686
153.99915 49.75019
154.16580 49.75019
154.33246 49.83352
154.49911 49.83352
154.74910 49.83352
154.74910 49.91685
154.74910 50.00019
154.74910 50.08352
154.74910 50.16685
154.83243 50.25018
154.83243 50.33352
154.99908 50.41685
154.99908 50.50018
155.08241 50.58351
155.08241 50.66684
155.08241 50.75018
155.08241 50.83351
154.83243 50.83351
154.66577 50.75018
154.58244 50.66684
154.41579 50.58351
154.16580 50.50018
153.99915 50.41685
153.49918 50.41685
152.83255 50.66684
152.58257 50.75018
152.41591 50.83351
152.33258 50.91684
151.91594 51.16684
151.83261 51.25017
151.66595 51.33350
151.58263 51.41683
150.99933 51.66683
149.66608 51.91682
149.74940 52.00016
149.58275 52.00016
149.66608 52.08349
150.33270 52.16682
150.66602 52.25015
150.83267 52.33348
150.91600 52.41682
150.99933 52.50015
150.99933 52.58348
150.99933 52.66681
150.91600 52.83348
150.83267 52.91681
150.74934 53.00014
150.49936 53.16681
150.41603 53.33347
150.33270 53.41680
150.24937 53.50013
149.99939 53.66680
149.74940 53.83346
149.41609 54.00013
148.83279 54.08346
148.33282 54.25012
148.08284 54.33345
147.91618 54.41679
147.83286 54.50012
147.66620 54.58345
146.99957 54.66678
146.66626 54.75011
145.99963 54.91678
144.99969 55.00011
144.74971 55.08344
144.58305 55.16677
144.33307 55.25011
144.16641 55.25011
144.16641 55.16677
144.16641 55.08344
144.16641 55.00011
144.24974 54.91678
144.24974 54.83345
144.33307 54.75011
144.33307 54.66678
144.33307 54.58345
144.33307 54.50012
144.33307 54.41679
144.33307 54.33345
144.33307 54.25012
144.33307 54.16679
144.33307 54.08346
144.33307 54.00013
144.24974 53.83346
144.24974 53.91679
144.24974 53.75013
144.33307 53.66680
144.33307 53.58347
144.33307 53.50013
144.41640 53.41680
144.41640 53.33347
144.41640 53.25014
144.49973 53.16681
144.49973 53.08347
144.58305 53.00014
144.66638 52.91681
144.74971 52.83348
144.83304 52.75014
144.91637 52.58348
144.91637 52.50015
144.99969 52.41682
144.99969 52.33348
145.08302 52.25015
145.08302 52.16682
145.08302 52.08349
145.08302 52.08349
144.99969 52.00016
144.99969 51.91682
144.99969 51.83349
144.91637 51.75016
144.91637 51.66683
144.99969 51.58350
145.41634 51.41683
145.66632 51.33350
145.74965 51.25017
145.83298 51.16684
145.91631 51.08350
146.41628 51.00017
146.49960 50.91684
146.49960 50.83351
146.49960 50.75018
146.58293 50.66684
146.58293 50.58351
146.66626 50.50018
146.66626 50.41685
146.66626 50.33352
146.66626 50.25018
146.74959 50.16685
146.74959 50.08352
146.74959 50.00019
146.74959 49.91685
146.83292 49.83352
146.91624 49.75019
146.91624 49.66686
146.91624 49.58353
146.99957 49.50019
146.99957 49.41686
146.99957 49.33353
146.99957 49.25020
146.91624 49.16687
146.83292 49.08353
146.66626 49.00020
146.24962 48.83354
146.08296 48.75021
145.99963 48.66687
145.91631 48.58354
145.83298 48.50021
145.74965 48.41688
145.74965 48.33355
145.66632 48.25021
145.58299 48.16688
145.58299 48.08355
145.58299 48.00022
145.49966 47.91689
145.49966 47.83355
145.49966 47.75022
145.49966 47.66689
145.58299 47.58356
145.58299 47.50023
145.24968 47.50023
145.16635 47.50023
144.83304 47.50023
144.58305 47.58356
144.24974 47.58356
144.08308 47.50023
144.08308 47.41689
143.99976 47.33356
143.99976 47.25023
143.99976 47.16690
143.99976 47.08356
143.99976 47.00023
144.08308 46.91690
143.99976 46.83357
143.99976 46.75024
143.99976 46.66690
143.91643 46.58357
143.91643 46.50024
143.99976 46.41691
143.99976 46.33358
143.99976 46.25024
143.99976 46.16691
143.99976 46.08358
144.08308 46.00025
144.08308 45.91692
144.08308 45.83358
144.08308 45.75025
144.16641 45.66692
144.24974 45.58359
144.33307 45.50026
144.33307 45.41692
144.41640 45.33359
144.41640 45.25026
144.49973 45.16693
144.49973 45.08360
144.58305 45.00026
144.58305 44.91693
144.58305 44.83360
144.58305 44.75027
144.58305 44.66693
144.49973 44.58360
144.49973 44.50027
144.49973 44.41694
144.49973 44.33361
145.08302 44.33361
145.16635 44.41694
145.49966 44.16694
145.49966 44.25027
145.49966 44.33361
145.58299 44.41694
145.66632 44.25027
145.74965 44.33361
145.83298 44.41694
145.91631 44.50027
145.99963 44.58360
146.16629 44.66693
146.58293 44.75027
146.66626 44.83360
147.08290 44.91693
147.16623 45.00026
147.33289 45.08360
147.33289 45.16693
147.58287 45.25026
147.66620 45.33359
147.74953 45.41692
147.83286 45.50026
148.08284 45.50026
148.33282 45.50026
148.33282 45.58359
148.41615 45.66692
148.49948 45.75025
148.83279 45.75025
148.99945 45.66692
149.16611 45.75025
149.41609 45.83358
149.58275 45.91692
149.66608 46.00025
149.83273 46.08358
149.91606 46.16691
150.08272 46.25024
150.16605 46.33358
150.58269 46.41691
150.66602 46.50024
150.74934 46.58357
150.66602 46.75024
150.66602 46.83357
150.83267 46.83357
150.91600 46.75024
151.08266 46.58357
151.08266 46.50024
151.08266 46.41691
151.08266 46.33358
150.99933 46.25024
150.83267 46.16691
150.66602 46.08358
150.58269 46.00025
150.58269 45.91692
150.58269 45.83358
150.91600 45.83358
151.08266 45.83358
151.33264 45.75025
151.24931 45.66692
151.08266 45.58359
150.91600 45.50026
150.74934 45.41692
150.58269 45.33359
150.41603 45.25026
150.16605 45.16693
149.99939 45.08360
149.74940 45.00026
149.49942 44.91693
149.24944 44.83360
149.08278 44.75027
148.99945 44.66693
148.91612 44.58360
148.83279 44.50027
148.74947 44.41694
148.58281 44.33361
148.41615 44.25027
148.33282 44.16694
148.24950 44.08361
148.08284 44.00028
147.99951 43.91695
147.83286 43.83361
147.74953 43.75028
147.49954 43.66695
147.33289 43.58362
147.16623 43.50029
146.99957 43.41695
146.74959 43.33362
146.58293 43.25029
146.41628 43.16696
146.16629 43.08363
145.91631 43.00029
145.74965 42.91696
145.58299 42.83363
145.41634 42.75030
145.24968 42.66697
144.99969 42.58363
144.33307 42.50030
144.24974 42.41697
144.16641 42.33364
144.24974 42.25031
144.16641 42.16697
144.16641 42.08364
144.16641 42.00031
144.08308 41.83364
143.99976 41.75031
143.91643 41.66698
143.74977 41.58365
143.49979 41.50032
142.66650 41.50032
142.58318 41.58365
142.49985 41.66698
142.49985 41.75031
142.41652 41.83364
142.24986 41.91698
141.91655 41.91698
141.91655 41.83364
141.91655 41.75031
141.91655 41.66698
141.91655 41.58365
141.91655 41.50032
141.91655 41.41698
141.91655 41.33365
141.99988 41.25032
141.99988 41.16699
142.08321 41.08366
142.08321 41.00032
142.16653 40.91699
142.41652 40.83366
142.41652 40.75033
142.41652 40.66700
142.41652 40.58366
142.49985 40.50033
142.49985 40.41700
142.49985 40.33367
142.58318 40.25034
142.58318 40.16700
