219.98000 70.21500 
219.95000 70.24000 
219.94000 70.25200 
219.91000 70.26700 
219.89999 70.27700 
219.88000 70.29200 
219.86000 70.30600 
219.85001 70.31100 
219.83000 70.32000 
219.82001 70.32500 
219.81000 70.33000 
219.81000 70.33200 
219.80000 70.33100 
219.80000 70.33200 
219.81000 70.33100 
219.80000 70.33200 
219.80000 70.33100 
219.78999 70.33500 
219.73000 70.34100 
219.66000 70.34800 
219.63000 70.34800 
219.56000 70.34800 
219.45000 70.34800 
219.39000 70.35200 
219.36000 70.35400 
219.33000 70.35600 
219.23000 70.35900 
219.20000 70.36300 
219.14999 70.36900 
219.11000 70.37800 
219.10001 70.38000 
219.05000 70.38300 
219.03999 70.38400 
218.94000 70.38800 
218.92000 70.38900 
218.89000 70.39200 
218.84000 70.39400 
218.78999 70.39500 
218.75999 70.39600 
218.71001 70.39700 
218.71001 70.39800 
218.64999 70.39800 
218.61000 70.40000 
218.58000 70.40200 
218.50999 70.40800 
218.49001 70.40900 
218.42999 70.41500 
218.33000 70.43000 
218.28999 70.43600 
218.25999 70.43900 
218.21001 70.45100 
218.17999 70.45800 
218.14999 70.46400 
218.10001 70.47900 
218.06000 70.48900 
218.00999 70.50500 
217.98000 70.51500 
217.98000 70.51600 
217.92000 70.53600 
217.88000 70.55200 
217.86000 70.55500 
217.82001 70.56200 
217.75999 70.56800 
217.73000 70.57300 
217.69000 70.58000 
217.67000 70.58400 
217.60001 70.58600 
217.53999 70.58900 
217.50000 70.59100 
217.45000 70.59200 
217.39999 70.59200 
217.36000 70.59100 
217.30000 70.59100 
217.23000 70.58900 
217.19000 70.58800 
217.14999 70.58700 
217.11000 70.58600 
217.08000 70.58700 
217.07001 70.58600 
216.99001 70.58800 
216.92000 70.58700 
216.85001 70.58800 
216.78000 70.58900 
216.73000 70.59000 
216.67999 70.59100 
216.62000 70.59300 
216.56000 70.59500 
216.50000 70.59700 
216.46001 70.59700 
216.39999 70.59800 
216.34000 70.59700 
216.28999 70.59800 
216.20000 70.59900 
216.16000 70.59800 
216.09000 70.59800 
216.03999 70.59800 
215.99001 70.59900 
215.96001 70.60100 
215.91000 70.60300 
215.86000 70.60400 
215.84000 70.60300 
215.78999 70.60500 
215.78000 70.60600 
215.75999 70.61000 
215.73000 70.61500 
215.67000 70.63000 
215.64999 70.64100 
215.64000 70.65000 
215.63000 70.65900 
215.63000 70.66200 
215.62000 70.66200 
215.62000 70.66600 
215.60001 70.68700 
215.58000 70.69100 
215.53000 70.69100 
215.53000 70.69000 
215.49001 70.68800 
215.45000 70.68300 
215.41000 70.68200 
215.36000 70.68700 
215.34000 70.69200 
215.32001 70.69500 
215.28000 70.69800 
215.25000 70.70400 
215.22000 70.71300 
215.20000 70.72300 
215.17999 70.73300 
215.14999 70.74100 
215.12000 70.74600 
215.10001 70.75200 
215.06000 70.75700 
215.02000 70.75900 
215.00000 70.76000 
214.95000 70.76300 
214.91000 70.76200 
214.88000 70.75900 
214.84000 70.75400 
214.81000 70.75200 
214.77000 70.75000 
214.72000 70.74400 
214.70000 70.74300 
214.67999 70.74400 
214.67999 70.74500 
214.67000 70.74600 
214.66000 70.74500 
214.61000 70.74100 
214.57001 70.74200 
214.52000 70.74700 
214.46001 70.75500 
214.39000 70.76600 
214.35001 70.77000 
214.30000 70.77500 
214.25000 70.78000 
214.21001 70.78500 
214.17999 70.78900 
214.11000 70.79900 
214.07001 70.80700 
214.00000 70.81800 
213.97000 70.82400 
213.91000 70.83400 
213.84000 70.84800 
213.81000 70.85200 
213.77000 70.86100 
213.73000 70.86500 
213.67999 70.86900 
213.64999 70.87300 
213.60001 70.87800 
213.55000 70.88100 
213.50999 70.88300 
213.48000 70.88400 
213.42000 70.88500 
213.39000 70.88500 
213.30000 70.88700 
213.28999 70.88900 
213.24001 70.89500 
213.19000 70.90000 
213.13000 70.90500 
213.12000 70.90600 
213.08000 70.91800 
213.05000 70.93600 
213.03000 70.94500 
213.00000 70.94700 
212.96001 70.94800 
212.91000 70.94800 
212.89000 70.95100 
212.88000 70.95300 
212.82001 70.95300 
212.74001 70.95600 
212.67000 70.96000 
212.62000 70.96300 
212.58000 70.96600 
212.53000 70.96700 
212.49001 70.97000 
212.44000 70.97000 
212.39999 70.97400 
212.37000 70.97600 
212.36000 70.97800 
212.33000 70.98000 
212.27000 70.98500 
212.19000 70.99400 
212.13000 71.00300 
212.02000 71.02100 
211.96001 71.03100 
211.87000 71.04400 
211.83000 71.05300 
211.81000 71.05900 
211.73000 71.07900 
211.66000 71.09300 
211.64999 71.09600 
211.58000 71.11200 
211.52000 71.11900 
211.48000 71.12200 
211.42000 71.12700 
211.31000 71.13500 
211.28999 71.13500 
211.25999 71.13300 
211.21001 71.13100 
211.17999 71.13000 
211.14999 71.12800 
211.13000 71.12700 
211.10001 71.12400 
211.07001 71.12200 
211.00000 71.11700 
210.95000 71.11600 
210.95000 71.11700 
210.95000 71.11600 
210.94000 71.11600 
210.92999 71.11700 
210.89999 71.11700 
210.87000 71.11800 
210.82001 71.12100 
210.78000 71.12600 
210.73000 71.13300 
210.69000 71.14200 
210.66000 71.15400 
210.64000 71.16100 
210.62000 71.17000 
210.59000 71.17700 
210.57001 71.18100 
210.53999 71.18600 
210.50999 71.18900 
210.45000 71.19200 
210.41000 71.19500 
210.38000 71.19500 
210.37000 71.19600 
210.34000 71.19800 
210.23000 71.19700 
210.21001 71.19900 
210.17999 71.20000 
210.14000 71.20000 
210.11000 71.20100 
210.06000 71.20200 
210.03000 71.20300 
210.00999 71.20200 
209.95000 71.20400 
209.89999 71.20400 
209.87000 71.20400 
209.83000 71.20400 
209.78000 71.20400 
209.75000 71.20300 
209.71001 71.20400 
209.66000 71.20400 
209.64000 71.20400 
209.60001 71.20400 
209.56000 71.20400 
209.53000 71.20400 
209.49001 71.20600 
209.44000 71.20900 
209.37000 71.22200 
209.37000 71.22400 
209.35001 71.22900 
209.34000 71.23500 
209.32001 71.24100 
209.28999 71.25100 
209.25999 71.25800 
209.21001 71.26700 
209.19000 71.26800 
209.11000 71.27700 
209.03999 71.28000 
208.97000 71.28400 
208.94000 71.28600 
208.89000 71.29000 
208.85001 71.29300 
208.78999 71.29600 
208.75000 71.29800 
208.74001 71.29800 
208.72000 71.30300 
208.64999 71.30700 
208.62000 71.31000 
208.58000 71.31400 
208.53000 71.32000 
208.47000 71.32900 
208.44000 71.33500 
208.39999 71.34400 
208.36000 71.35300 
208.33000 71.35900 
208.30000 71.36600 
208.27000 71.37000 
208.25000 71.37200 
208.22000 71.37400 
208.20000 71.37700 
208.19000 71.38200 
208.17999 71.38700 
208.14999 71.40500 
208.14000 71.40900 
208.11000 71.41700 
208.08000 71.42300 
208.07001 71.42500 
208.03999 71.42800 
208.03000 71.42800 
208.00999 71.43000 
207.96001 71.43400 
207.92999 71.43600 
207.89000 71.44000 
207.85001 71.44300 
207.82001 71.44800 
207.78999 71.45100 
207.75999 71.46100 
207.74001 71.47300 
207.71001 71.48700 
207.67999 71.50000 
207.67999 71.50100 
207.66000 71.50500 
207.58000 71.52100 
207.50999 71.53500 
207.47000 71.54400 
207.44000 71.55400 
207.42999 71.55700 
207.41000 71.56100 
207.36000 71.57200 
207.32001 71.58200 
207.28000 71.59600 
207.24001 71.61200 
207.20000 71.63000 
207.16000 71.64800 
207.14000 71.66300 
207.13000 71.66600 
207.09000 71.68100 
207.06000 71.69200 
207.03000 71.70500 
206.98000 71.72000 
206.92999 71.73100 
206.91000 71.73900 
206.88000 71.74700 
206.86000 71.75000 
206.83000 71.75500 
206.75999 71.76400 
206.70000 71.76900 
206.64000 71.77700 
206.63000 71.77700 
206.63000 71.77800 
206.58000 71.77900 
206.50999 71.78300 
206.45000 71.78800 
206.38000 71.79400 
206.31000 71.80000 
206.28000 71.80300 
206.27000 71.80400 
206.22000 71.80700 
206.16000 71.81100 
206.09000 71.82100 
206.03000 71.82800 
205.99001 71.83700 
205.95000 71.84200 
205.91000 71.84400 
205.85001 71.84700 
205.78000 71.84800 
205.71001 71.85500 
205.67000 71.85900 
205.64999 71.86000 
205.62000 71.86100 
205.58000 71.86200 
205.55000 71.86200 
205.53000 71.86000 
205.50999 71.85800 
205.47000 71.85300 
205.45000 71.84100 
205.42000 71.83400 
205.39999 71.82600 
205.38000 71.82000 
205.53000 71.85500 
205.50000 71.85300 
205.45000 71.85100 
205.42999 71.84800 
205.39999 71.83800 
205.37000 71.82800 
205.35001 71.81100 
205.33000 71.79300 
205.31000 71.78400 
205.28000 71.76800 
205.27000 71.76100 
205.24001 71.75100 
205.22000 71.74100 
205.21001 71.73500 
205.20000 71.73300 
205.17000 71.72300 
205.14000 71.71500 
205.11000 71.70600 
205.08000 71.69600 
205.05000 71.68700 
205.00999 71.68400 
205.00000 71.68200 
204.96001 71.68200 
204.95000 71.68100 
204.94000 71.68000 
204.92999 71.68000 
204.84000 71.67700 
204.78000 71.67300 
204.74001 71.66200 
204.71001 71.65300 
204.69000 71.64400 
204.66000 71.63900 
204.63000 71.63100 
204.61000 71.62600 
204.56000 71.61800 
204.52000 71.61400 
204.49001 71.61100 
204.42999 71.59700 
204.42000 71.59400 
204.38000 71.58400 
204.34000 71.57500 
204.28000 71.56200 
204.27000 71.55500 
204.25000 71.55100 
204.25999 71.55100 
204.25999 71.54900 
204.25000 71.53900 
204.24001 71.53500 
204.21001 71.53300 
204.16000 71.52700 
204.13000 71.52500 
204.11000 71.52600 
204.09000 71.52700 
204.07001 71.53000 
204.03999 71.53700 
204.00999 71.55200 
204.00000 71.56400 
203.98000 71.57900 
203.95000 71.61200 
203.94000 71.61700 
203.94000 71.62100 
203.94000 71.62900 
203.95000 71.65500 
203.96001 71.67800 
203.98000 71.70700 
203.99001 71.72000 
204.03999 71.74800 
204.05000 71.75600 
204.09000 71.77500 
204.10001 71.78100 
204.14000 71.79700 
204.17000 71.80400 
204.20000 71.81500 
204.22000 71.82700 
204.25999 71.86000 
204.27000 71.88400 
204.27000 71.90700 
204.27000 71.92400 
204.25999 71.93800 
204.24001 71.94700 
204.24001 71.94800 
204.16000 71.98200 
204.12000 71.99900 
204.09000 72.01300 
204.05000 72.02500 
204.03000 72.02900 
204.00000 72.02900 
203.94000 72.02400 
203.91000 72.02000 
203.86000 72.01700 
203.84000 72.01600 
203.78000 72.01200 
203.70000 72.01200 
203.66000 72.01300 
203.60001 72.01700 
203.53999 72.01600 
203.50999 72.01600 
203.49001 72.01600 
203.44000 72.01400 
203.34000 72.01500 
203.30000 72.01500 
203.27000 72.01600 
203.25000 72.01600 
203.22000 72.01500 
203.14000 72.01600 
203.06000 72.01600 
202.99001 72.01600 
202.92000 72.02000 
202.88000 72.02700 
202.84000 72.03700 
202.78000 72.05300 
202.73000 72.07900 
202.64000 72.10600 
202.62000 72.11200 
202.59000 72.11800 
202.55000 72.13100 
202.49001 72.16000 
202.46001 72.17600 
202.42999 72.18900 
202.39000 72.20400 
202.37000 72.21400 
202.31000 72.24100 
202.28000 72.25500 
202.27000 72.25800 
202.25999 72.26200 
202.23000 72.27400 
202.17999 72.29200 
202.14999 72.30800 
202.14000 72.31700 
202.12000 72.33100 
202.10001 72.34700 
202.08000 72.36200 
202.05000 72.38400 
202.02000 72.40200 
201.99001 72.42500 
201.97000 72.43900 
201.96001 72.44300 
201.97000 72.44200 
201.96001 72.44200 
201.96001 72.44300 
201.89999 72.47900 
201.86000 72.50200 
201.82001 72.52100 
201.78999 72.54400 
201.75999 72.56100 
201.73000 72.57500 
201.71001 72.59100 
201.67000 72.60600 
201.63000 72.61400 
201.59000 72.62500 
201.56000 72.64000 
201.50000 72.66000 
201.48000 72.67300 
201.47000 72.67700 
201.45000 72.68200 
201.44000 72.68200 
201.44000 72.68100 
201.42999 72.68100 
201.35001 72.67900 
201.31000 72.67800 
201.28999 72.67500 
201.25999 72.67000 
201.24001 72.66800 
201.20000 72.66800 
201.14999 72.67100 
201.13000 72.67600 
201.09000 72.68200 
201.06000 72.68700 
201.06000 72.68800 
201.02000 72.68900 
200.92999 72.69800 
200.89000 72.70300 
200.84000 72.71300 
200.80000 72.72300 
200.75000 72.73100 
200.71001 72.74200 
200.67999 72.75300 
200.67000 72.75600 
200.66000 72.75600 
200.64999 72.75700 
200.64999 72.75800 
200.62000 72.76200 
200.58000 72.77000 
200.55000 72.77700 
200.50999 72.78600 
200.48000 72.79400 
200.34000 72.94000 
200.34000 72.95300 
200.34000 72.96900 
200.35001 72.97800 
200.35001 72.98600 
200.36000 72.99200 
200.36000 72.99100 
200.36000 72.99200 
200.36000 72.99100 
200.36000 72.99200 
200.36000 72.99100 
200.36000 72.99200 
200.36000 72.99100 
200.36000 72.99200 
200.36000 72.99100 
200.36000 72.99200 
200.36000 72.99100 
200.36000 72.99200 
200.36000 72.99100 
200.36000 73.00000 
200.37000 73.00500 
200.37000 73.01300 
200.36000 73.01800 
200.30000 73.02400 
200.27000 73.02600 
200.24001 73.02800 
200.21001 73.02900 
200.19000 73.03000 
200.16000 73.03000 
200.14999 73.02900 
200.12000 73.02400 
200.10001 73.01600 
200.07001 72.99900 
200.07001 72.99000 
200.06000 72.98700 
200.06000 72.97800 
200.06000 72.96900 
200.05000 72.95200 
200.05000 72.94200 
200.05000 72.93100 
200.05000 72.92300 
200.05000 72.91600 
200.05000 72.90800 
200.03999 72.90400 
200.03000 72.89600 
200.00999 72.89100 
199.98000 72.89200 
199.96001 72.89600 
199.95000 72.89700 
199.94000 72.89800 
199.92999 72.89900 
199.92000 72.90100 
199.91000 72.90100 
199.89999 72.90200 
199.89000 72.90300 
199.88000 72.90300 
199.86000 72.90500 
199.84000 72.90300 
199.81000 72.90000 
199.78999 72.89800 
199.77000 72.89600 
199.75000 72.89500 
199.73000 72.89400 
199.71001 72.89400 
199.70000 72.89400 
199.63000 72.89800 
199.63000 72.89700 
199.59000 72.90100 
199.52000 72.91700 
199.50000 72.92700 
199.48000 72.94200 
199.46001 72.95300 
199.44000 72.96900 
199.42000 72.97800 
199.39000 72.98700 
199.37000 72.98800 
199.33000 72.99200 
199.30000 72.99400 
199.25000 72.99600 
199.22000 72.99600 
199.21001 72.99600 
199.17999 72.99600 
199.12000 72.99600 
199.08000 72.99300 
199.02000 72.99100 
198.98000 72.98900 
198.94000 72.98500 
198.91000 72.98100 
198.89999 72.98300 
198.89000 72.98400 
198.86000 72.98300 
198.81000 72.98300 
198.75000 72.98100 
198.72000 72.98000 
198.67000 72.98300 
198.64000 72.98400 
198.60001 72.98700 
198.55000 72.99000 
198.50999 72.99200 
198.50000 72.99300 
198.46001 72.99400 
198.42999 72.99400 
198.39000 72.99300 
198.36000 72.99200 
198.33000 72.99200 
198.31000 72.99300 
198.27000 72.99400 
198.25999 72.99400 
198.21001 72.99200 
198.17999 72.99400 
198.16000 72.99400 
198.14999 72.99400 
198.12000 72.99700 
198.12000 72.99600 
198.10001 72.99700 
198.07001 72.99900 
198.05000 73.00100 
198.02000 73.00300 
198.00000 73.00700 
197.98000 73.00900 
197.96001 73.01800 
197.95000 73.02000 
197.94000 73.02500 
197.92000 73.03000 
197.88000 73.04300 
197.86000 73.05100 
197.85001 73.05900 
197.82001 73.07200 
197.80000 73.08200 
197.78999 73.09100 
197.75999 73.10500 
197.73000 73.12600 
197.72000 73.13900 
197.71001 73.14300 
197.71001 73.14400 
197.67000 73.16800 
197.64999 73.18100 
197.63000 73.19300 
197.62000 73.20800 
197.60001 73.22100 
197.60001 73.23100 
197.58000 73.24700 
197.57001 73.26100 
197.56000 73.27300 
197.55000 73.28900 
197.55000 73.30300 
197.53999 73.31700 
197.53000 73.33600 
197.53000 73.34900 
197.52000 73.36700 
197.52000 73.38900 
197.52000 73.40100 
197.50999 73.42100 
197.50000 73.43600 
197.50000 73.45300 
197.49001 73.46100 
197.47000 73.48200 
197.47000 73.48500 
197.46001 73.49100 
197.42999 73.49500 
197.42000 73.49600 
197.41000 73.49700 
197.39000 73.49600 
197.37000 73.49300 
197.36000 73.49100 
197.32001 73.48400 
197.31000 73.48200 
197.30000 73.48100 
197.27000 73.47800 
197.22000 73.47400 
197.19000 73.47500 
197.14999 73.47500 
197.12000 73.47500 
197.07001 73.47500 
197.03999 73.47600 
197.02000 73.47500 
196.99001 73.47700 
196.96001 73.47600 
196.89999 73.47500 
196.87000 73.47500 
196.82001 73.47400 
196.80000 73.47200 
196.78000 73.46700 
196.75999 73.46400 
196.74001 73.45700 
196.73000 73.44900 
196.69000 73.43900 
196.69000 73.43800 
196.67000 73.43200 
196.64999 73.42600 
196.62000 73.42100 
196.59000 73.41900 
196.56000 73.41600 
196.52000 73.41400 
196.49001 73.41200 
196.44000 73.41000 
196.42000 73.41000 
196.35001 73.40700 
196.32001 73.40400 
196.28999 73.39900 
196.23000 73.39500 
196.22000 73.39500 
196.19000 73.39500 
196.19000 73.39600 
196.14000 73.39700 
196.07001 73.40100 
196.00999 73.40700 
195.96001 73.41600 
195.92999 73.42400 
195.91000 73.43000 
195.89000 73.44000 
195.88000 73.44800 
195.84000 73.46900 
195.83000 73.47300 
195.80000 73.47500 
195.78000 73.47700 
195.75000 73.47800 
195.73000 73.48000 
195.69000 73.48000 
195.66000 73.48100 
195.64000 73.48000 
195.61000 73.48100 
195.60001 73.48200 
195.58000 73.48300 
195.56000 73.48500 
195.55000 73.48500 
195.52000 73.48700 
195.49001 73.48900 
195.46001 73.49100 
195.42999 73.49200 
195.39000 73.49200 
195.37000 73.49300 
195.31000 73.49300 
195.28000 73.49400 
195.25000 73.49500 
195.23000 73.49500 
195.20000 73.49500 
195.16000 73.49600 
195.12000 73.49600 
195.10001 73.49600 
195.00000 73.49800 
194.98000 73.49800 
194.94000 73.49900 
194.92000 73.49900 
194.89999 73.49900 
194.87000 73.49700 
194.86000 73.49600 
194.84000 73.49400 
194.82001 73.49200 
194.78999 73.48900 
194.75000 73.48600 
194.71001 73.48200 
194.67999 73.48100 
194.63000 73.47900 
194.58000 73.47800 
194.57001 73.47800 
194.50999 73.47800 
194.48000 73.48000 
194.45000 73.48100 
194.41000 73.48400 
194.39000 73.48400 
194.36000 73.48600 
194.31000 73.48700 
194.28999 73.48600 
194.28999 73.48700 
194.27000 73.48700 
194.24001 73.48800 
194.21001 73.49000 
194.19000 73.49100 
194.16000 73.49300 
194.12000 73.49600 
194.10001 73.50000 
194.06000 73.50700 
194.00999 73.51900 
193.98000 73.52900 
193.95000 73.54100 
193.94000 73.54900 
193.91000 73.55700 
193.89000 73.56100 
193.85001 73.56400 
193.83000 73.56600 
193.80000 73.56500 
193.78999 73.56400 
193.77000 73.56300 
193.74001 73.55800 
193.72000 73.55300 
193.70000 73.54600 
193.69000 73.54200 
193.67999 73.53100 
193.67000 73.52700 
193.67000 73.52300 
193.67000 73.52200 
193.66000 73.52300 
193.55000 73.52000 
193.50999 73.52000 
193.46001 73.51900 
193.42000 73.51700 
193.37000 73.51700 
193.35001 73.51500 
193.33000 73.51300 
193.28999 73.51300 
193.25999 73.51400 
193.21001 73.51300 
193.17000 73.51000 
193.14000 73.50800 
193.08000 73.50600 
193.03000 73.50100 
192.97000 73.49900 
192.96001 73.49800 
192.91000 73.49500 
192.88000 73.49500 
192.81000 73.49500 
192.78999 73.49600 
192.72000 73.49700 
192.67999 73.49800 
192.67000 73.49800 
192.67999 73.49800 
192.67000 73.49800 
192.67999 73.49800 
192.64999 73.49600 
192.60001 73.49100 
192.57001 73.48900 
192.52000 73.48600 
192.47000 73.48500 
192.42999 73.48500 
192.39000 73.48300 
192.36000 73.48100 
192.35001 73.48100 
192.31000 73.48100 
192.27000 73.48000 
192.23000 73.47800 
192.00999 73.48700 
192.00000 73.48600 
191.96001 73.48800 
191.92000 73.48800 
191.88000 73.48400 
191.86000 73.48000 
191.84000 73.47800 
191.82001 73.47400 
191.81000 73.47200 
191.78000 73.47000 
191.77000 73.47300 
191.75999 73.47200 
191.75000 73.47600 
191.75000 73.47700 
191.74001 73.47700 
191.74001 73.47900 
191.69000 73.48600 
191.64999 73.49100 
191.61000 73.49800 
191.59000 73.50200 
191.55000 73.50900 
191.50999 73.51300 
191.48000 73.51600 
191.47000 73.51700 
191.45000 73.51900 
191.41000 73.52500 
191.39000 73.53000 
191.38000 73.53100 
191.32001 73.53700 
191.28999 73.53900 
191.27000 73.54100 
191.25000 73.54100 
191.22000 73.53900 
191.21001 73.53700 
191.20000 73.53400 
191.17000 73.52200 
191.14000 73.51300 
191.12000 73.50100 
191.11000 73.49700 
191.09000 73.49700 
191.02000 73.49000 
191.02000 73.48700 
191.00000 73.48200 
191.00000 73.47900 
190.98000 73.47500 
190.96001 73.46900 
190.95000 73.46000 
190.92000 73.44900 
190.89000 73.42900 
190.87000 73.41100 
190.86000 73.40200 
190.84000 73.39100 
190.83000 73.38400 
190.81000 73.37400 
190.80000 73.36400 
190.78000 73.35200 
190.75000 73.34000 
190.74001 73.33500 
190.73000 73.33100 
190.70000 73.32200 
190.67999 73.31600 
190.67000 73.31500 
190.64999 73.31400 
190.64000 73.31100 
190.59000 73.30800 
190.50999 73.31200 
190.49001 73.31700 
190.47000 73.32100 
190.42999 73.32900 
190.39000 73.34000 
190.37000 73.34400 
190.36000 73.35100 
190.32001 73.36100 
190.31000 73.36600 
190.27000 73.37700 
190.25000 73.38300 
190.24001 73.38700 
190.22000 73.39000 
190.21001 73.39400 
190.20000 73.39700 
190.17999 73.40200 
190.17000 73.40600 
190.14000 73.41200 
190.11000 73.42300 
190.08000 73.42800 
190.06000 73.43500 
190.03999 73.43900 
190.03000 73.44400 
190.00999 73.44900 
189.98000 73.45300 
189.95000 73.46000 
189.89000 73.47400 
189.87000 73.47800 
189.87000 73.47700 
189.87000 73.47800 
189.86000 73.48100 
189.81000 73.48700 
189.77000 73.49200 
189.74001 73.49600 
189.72000 73.49900 
189.67999 73.50200 
189.64999 73.50300 
189.61000 73.50300 
189.59000 73.50300 
189.55000 73.50000 
189.50999 73.49700 
189.49001 73.49600 
189.45000 73.49200 
189.42000 73.48800 
189.39000 73.48400 
189.37000 73.47700 
189.33000 73.46500 
189.31000 73.46000 
189.30000 73.45100 
189.28000 73.44200 
189.27000 73.43700 
189.03999 73.43000 
189.02000 73.42900 
189.00000 73.42800 
188.98000 73.42600 
188.95000 73.42400 
188.92999 73.42400 
188.89999 73.42100 
188.87000 73.41900 
188.85001 73.41700 
188.84000 73.41200 
188.81000 73.40600 
188.78000 73.40000 
188.75000 73.39100 
188.74001 73.38700 
188.70000 73.37500 
188.67999 73.36800 
188.63000 73.35900 
188.61000 73.35700 
188.59000 73.35500 
188.57001 73.35300 
188.53000 73.35000 
188.50999 73.34700 
188.49001 73.34500 
188.46001 73.34100 
188.42000 73.33700 
188.39999 73.33600 
188.38000 73.33400 
188.35001 73.33200 
188.32001 73.32800 
188.28999 73.31900 
188.27000 73.31100 
188.25999 73.30800 
188.25000 73.30400 
188.24001 73.30000 
188.23000 73.29500 
188.22000 73.28800 
188.21001 73.28300 
188.17999 73.27800 
188.17000 73.27400 
188.14000 73.27000 
188.11000 73.26700 
188.07001 73.26600 
188.00999 73.26400 
188.00000 73.26300 
187.99001 73.26200 
187.96001 73.26000 
187.92999 73.25900 
187.91000 73.25900 
187.88000 73.25800 
187.85001 73.25600 
187.84000 73.25500 
187.81000 73.25300 
187.78000 73.25300 
187.75999 73.24900 
187.72000 73.24300 
187.71001 73.23800 
187.67999 73.23300 
187.67000 73.22600 
187.64999 73.21700 
187.63000 73.20800 
187.61000 73.19700 
187.60001 73.19100 
187.59000 73.18700 
187.57001 73.18600 
187.50000 73.18100 
187.45000 73.17800 
187.38000 73.16900 
187.35001 73.16100 
187.33000 73.15000 
187.31000 73.14000 
187.30000 73.13100 
187.27000 73.11900 
187.25999 73.11200 
187.24001 73.10200 
187.22000 73.08700 
187.20000 73.08100 
187.17000 73.07300 
187.14999 73.06600 
187.13000 73.06100 
187.10001 73.05000 
187.09000 73.04400 
187.07001 73.02700 
187.06000 73.02400 
187.03999 73.01000 
187.03000 73.00900 
186.99001 73.01200 
186.96001 73.01700 
186.96001 73.01900 
186.94000 73.02400 
186.92999 73.03100 
186.91000 73.04200 
186.89999 73.05300 
186.89000 73.06300 
186.88000 73.07400 
186.87000 73.08000 
186.85001 73.09100 
186.83000 73.10500 
186.80000 73.12600 
186.80000 73.13600 
186.78999 73.14900 
186.78000 73.15600 
186.75999 73.16800 
186.75000 73.18000 
186.73000 73.19900 
186.71001 73.22000 
186.71001 73.22400 
186.71001 73.22600 
186.70000 73.23000 
186.70000 73.25200 
186.70000 73.25400 
186.69000 73.26500 
186.67000 73.28500 
186.66000 73.29500 
186.64000 73.31400 
186.63000 73.32600 
186.61000 73.34100 
186.60001 73.34700 
186.55000 73.36900 
186.53999 73.37300 
186.52000 73.38100 
186.52000 73.38000 
186.50999 73.38200 
186.45000 73.38800 
186.42999 73.39000 
186.41000 73.39400 
186.34000 73.40200 
186.31000 73.41100 
186.28999 73.42000 
186.28000 73.43100 
186.24001 73.44600 
186.22000 73.45200 
186.19000 73.45700 
186.14999 73.46400 
186.12000 73.46700 
186.10001 73.46900 
186.06000 73.47200 
186.03999 73.47800 
186.00999 73.48600 
185.98000 73.49700 
185.95000 73.50800 
185.92999 73.51800 
185.89999 73.52400 
185.88000 73.52900 
185.85001 73.53500 
185.83000 73.53900 
185.77000 73.54300 
185.74001 73.54400 
185.70000 73.54300 
185.66000 73.54400 
185.64000 73.54400 
185.59000 73.54400 
185.58000 73.54500 
185.53999 73.54600 
185.50999 73.54500 
185.49001 73.54400 
185.48000 73.54400 
185.44000 73.54300 
185.41000 73.54300 
185.39000 73.54200 
185.38000 73.54100 
185.38000 73.54200 
185.35001 73.54300 
185.28999 73.55000 
185.25999 73.55700 
185.23000 73.56700 
185.21001 73.57300 
185.17000 73.58300 
185.14999 73.59000 
185.11000 73.59600 
185.10001 73.59800 
185.06000 73.60300 
185.02000 73.60800 
185.00000 73.60800 
184.96001 73.61100 
184.92999 73.61200 
184.92000 73.61300 
184.88000 73.61400 
184.86000 73.61100 
184.84000 73.60900 
184.83000 73.60700 
184.82001 73.60300 
184.80000 73.60300 
184.77000 73.60400 
184.75000 73.60600 
184.72000 73.60900 
184.70000 73.61300 
184.67000 73.62100 
184.64000 73.63100 
184.61000 73.64100 
184.60001 73.64900 
184.60001 73.64800 
184.53000 73.65300 
184.47000 73.65700 
184.44000 73.65700 
184.41000 73.65800 
184.38000 73.66000 
184.34000 73.66100 
184.33000 73.66200 
184.28999 73.66400 
184.24001 73.66700 
184.20000 73.66700 
184.13000 73.66400 
184.08000 73.66300 
184.07001 73.66200 
184.03000 73.66300 
184.02000 73.66300 
183.99001 73.66300 
183.94000 73.66400 
183.89999 73.66400 
183.88000 73.66400 
183.85001 73.66400 
183.82001 73.66600 
183.80000 73.66900 
183.77000 73.67900 
183.75000 73.68700 
183.73000 73.69300 
183.71001 73.70400 
183.69000 73.71100 
183.67999 73.72000 
183.66000 73.72900 
183.64000 73.73200 
183.61000 73.73800 
183.61000 73.73900 
183.58000 73.74000 
183.52000 73.74400 
183.48000 73.74600 
183.39000 73.74900 
183.36000 73.75100 
183.35001 73.75200 
183.31000 73.75400 
183.30000 73.75500 
183.30000 73.75400 
183.30000 73.75500 
183.28999 73.75500 
183.25000 73.75500 
183.17000 73.75600 
183.16000 73.75700 
183.14999 73.75700 
183.14000 73.75600 
183.05000 73.75700 
182.96001 73.76400 
182.92000 73.76700 
182.91000 73.76700 
182.81000 73.77400 
182.78000 73.77600 
182.75999 73.77600 
182.74001 73.77500 
182.71001 73.77500 
182.67999 73.77400 
182.64000 73.77300 
182.58000 73.77300 
182.56000 73.77300 
182.53999 73.77300 
182.50000 73.77400 
182.48000 73.77500 
182.47000 73.77500 
182.46001 73.77500 
182.44000 73.77500 
182.41000 73.77600 
182.39999 73.77700 
182.39000 73.77700 
182.36000 73.78300 
182.33000 73.79400 
182.31000 73.79900 
182.30000 73.80700 
182.27000 73.81900 
182.23000 73.82800 
182.20000 73.83400 
182.12000 73.83900 
182.10001 73.83900 
182.06000 73.83600 
181.98000 73.83300 
181.92999 73.83500 
181.88000 73.83500 
181.83000 73.83400 
181.78999 73.83300 
181.73000 73.83200 
181.66000 73.83400 
181.61000 73.83400 
179.31000 74.22600 
179.31000 74.22700 
179.27000 74.23400 
179.17999 74.24800 
179.13000 74.25800 
179.10001 74.26700 
179.09000 74.27300 
179.06000 74.28100 
179.03999 74.28700 
179.00000 74.29800 
178.97000 74.30700 
178.92999 74.31300 
178.89999 74.31700 
178.87000 74.32200 
178.84000 74.32500 
178.78999 74.33000 
178.77000 74.33200 
178.67999 74.33800 
178.63000 74.34000 
178.60001 74.34100 
178.57001 74.34200 
178.53000 74.34400 
178.52000 74.34400 
178.49001 74.34500 
178.45000 74.34600 
178.39000 74.34700 
178.38000 74.34700 
178.39000 74.34700 
178.38000 74.34700 
178.36000 74.34700 
178.33000 74.34900 
178.24001 74.35600 
178.20000 74.36300 
178.16000 74.37200 
178.13000 74.37800 
177.86000 74.45600 
177.85001 74.46000 
177.84000 74.46500 
177.83000 74.47300 
177.82001 74.47700 
177.82001 74.47800 
177.82001 74.47900 
177.82001 74.47800 
177.82001 74.47900 
177.81000 74.47900 
177.82001 74.47800 
177.82001 74.47900 
177.82001 74.47800 
177.81000 74.47800 
177.82001 74.47900 
177.81000 74.48400 
177.78000 74.49200 
177.75999 74.50000 
177.72000 74.50900 
177.67000 74.52300 
177.64000 74.53100 
177.63000 74.53700 
177.59000 74.54800 
177.57001 74.55300 
177.55000 74.56100 
177.53000 74.56700 
177.50000 74.57700 
177.48000 74.58300 
177.45000 74.59600 
177.42999 74.60400 
177.39999 74.61300 
177.38000 74.62300 
177.37000 74.62700 
177.35001 74.64000 
177.31000 74.65700 
177.30000 74.66700 
177.28000 74.67900 
177.27000 74.68700 
177.25000 74.69900 
177.24001 74.71100 
177.23000 74.72100 
177.21001 74.73200 
177.20000 74.74300 
177.17999 74.76100 
177.17000 74.77800 
177.16000 74.78800 
177.14999 74.79700 
177.13000 74.81000 
177.12000 74.81300 
177.12000 74.81600 
177.11000 74.82100 
177.11000 74.82000 
177.10001 74.82200 
177.07001 74.82700 
177.02000 74.83600 
176.98000 74.84100 
176.91000 74.85500 
176.87000 74.86300 
176.78000 74.87500 
176.75000 74.88000 
176.71001 74.88400 
176.69000 74.88800 
176.64999 74.89400 
176.61000 74.89700 
176.56000 74.90200 
176.52000 74.90500 
176.42000 74.91200 
176.37000 74.91500 
176.32001 74.91600 
176.28000 74.91800 
176.24001 74.92000 
176.22000 74.92200 
176.17000 74.92000 
176.12000 74.91700 
176.06000 74.90900 
176.03999 74.90500 
176.02000 74.90100 
176.00000 74.89900 
176.00000 74.89800 
175.99001 74.89800 
175.95000 74.89900 
175.84000 74.89800 
175.75000 74.88900 
175.69000 74.88100 
175.64999 74.87500 
175.57001 74.86500 
175.53000 74.85900 
175.49001 74.85300 
175.46001 74.84900 
175.42999 74.84600 
175.41000 74.84300 
175.35001 74.83500 
175.31000 74.82800 
175.25000 74.82000 
175.21001 74.81700 
175.22000 74.81700 
175.21001 74.81700 
175.22000 74.81700 
175.21001 74.81700 
175.17000 74.81800 
175.11000 74.81500 
175.07001 74.81300 
175.00000 74.81000 
174.92000 74.80800 
174.88000 74.80700 
174.83000 74.80500 
174.78000 74.80200 
174.75000 74.80200 
174.74001 74.80200 
174.74001 74.80100 
174.72000 74.80100 
174.71001 74.80100 
174.67000 74.80100 
174.62000 74.80200 
174.58000 74.80400 
174.53999 74.80600 
174.50000 74.80700 
174.45000 74.80900 
174.42000 74.81000 
174.37000 74.81000 
174.25999 74.81600 
174.17999 74.82100 
174.13000 74.82400 
174.08000 74.82800 
174.05000 74.83000 
174.00999 74.83400 
173.95000 74.83800 
173.92999 74.83900 
173.88000 74.84300 
173.83000 74.84600 
173.75999 74.85200 
173.69000 74.86000 
173.63000 74.86700 
173.58000 74.87300 
173.52000 74.88100 
173.47000 74.88800 
173.42000 74.89600 
173.37000 74.90400 
173.32001 74.91400 
173.24001 74.93000 
173.17999 74.94300 
173.14999 74.95200 
173.13000 74.96200 
173.08000 74.97100 
173.03999 74.98300 
173.03000 74.98500 
173.00999 74.99200 
173.00000 75.00000 
172.99001 75.00400 
172.99001 75.00600 
999.00000 99.00000
160.0000  53.00000 
160.0300  52.99000 
160.0600  53.02000 
160.0800  53.08000 
160.0800  53.10000 
160.0800  53.13000 
160.0800  53.16000 
160.0900  53.20000 
160.1000  53.24000 
160.1000  53.28000 
160.1000  53.32000 
160.0900  53.37000 
160.0800  53.41000 
160.0800  53.46000 
160.0800  53.49000 
160.0800  53.52000 
160.0700  53.55000 
160.0700  53.57000 
160.0700  53.59000 
160.0800  53.63000 
160.0900  53.65000 
160.1100  53.70000 
160.1400  53.75000 
160.1800  53.82000 
160.2100  53.87000 
160.2300  53.91000 
160.2400  53.94000 
160.2600  53.98000 
160.2700  54.01000 
160.2900  54.05000 
160.3000  54.08000 
160.3300  54.10000 
160.3600  54.14000 
160.4000  54.17000 
160.4300  54.19000 
160.4600  54.22000 
160.5000  54.24000 
160.5400  54.25000 
160.5800  54.27000 
160.6200  54.30000 
160.6700  54.31000 
160.7300  54.33000 
160.7700  54.33000 
160.8100  54.34000 
160.8400  54.33000 
160.8600  54.31000 
160.8600  54.29000 
160.8700  54.27000 
160.8900  54.26000 
160.9200  54.27000 
160.9600  54.30000 
160.9900  54.32000 
161.0600  54.37000 
161.0800  54.39000 
161.1200  54.40000 
161.1400  54.41000 
161.1600  54.41000 
161.2000  54.41000 
161.2300  54.40000 
161.2900  54.42000 
161.3200  54.42000 
161.3700  54.43000 
161.4300  54.45000 
161.4700  54.46000 
161.5000  54.46000 
161.5400  54.46000 
161.5900  54.47000 
161.6300  54.47000 
161.6800  54.47000 
161.7200  54.47000 
161.7500  54.48000 
161.7700  54.49000 
161.7900  54.50000 
161.8200  54.52000 
161.8500  54.54000 
161.9000  54.58000 
161.9200  54.59000 
161.9500  54.61000 
161.9700  54.62000 
161.9900  54.63000 
162.0100  54.63000
162.0400  54.64000
162.0800  54.65000
162.1000  54.66000
162.1200  54.68000
162.1400  54.71000
162.1600  54.75000
162.1700  54.77000
162.1800  54.79000
162.1700  54.83000
162.1600  54.86000
162.1600  54.88000
162.1600  54.90000
162.1400  54.92000
162.1300  54.94000
162.1100  54.96000
162.1000  54.98000
162.0800  55.00000
162.0600  55.03000
162.0400  55.05000
162.0200  55.07000
161.9900  55.09000
161.9700  55.10000
161.9600  55.12000
161.9300  55.16000
161.9000  55.17000
161.8700  55.20000
161.8500  55.22000
161.8200  55.25000
161.8000  55.27000
161.7800  55.30000
161.7600  55.31000
161.7500  55.34000
161.7500  55.36000
161.7300  55.38000
161.6900  55.40000
161.6700  55.42000
161.6600  55.44000
161.6600  55.46000
161.6600  55.48000
161.6700  55.50000
161.7000  55.52000
161.7200  55.52000
161.7400  55.54000
161.7800  55.57000
161.8000  55.59000
161.8100  55.61000
161.8600  55.67000
161.9200  55.74000
161.9600  55.80000
162.0000  55.85000
162.0200  55.88000
162.0400  55.90000
162.0500  55.92000
162.0700  55.95000
162.1000  55.98000
162.1100  56.01000
162.1300  56.04000
162.1500  56.05000
162.1800  56.08000
162.2000  56.10000
162.2200  56.10000
162.2500  56.12000
162.2900  56.13000
162.3200  56.14000
162.3700  56.15000
162.4100  56.15000
162.4400  56.15000
162.4700  56.15000
162.5000  56.15000
162.5200  56.15000
162.5400  56.15000
162.5800  56.14000
162.6000  56.13000
162.6400  56.12000
162.6600  56.10000
162.7000  56.08000
162.7300  56.06000
162.7700  56.03000
162.7900  56.02000
162.8100  56.00000
162.8300  55.99000
162.8600  55.97000
162.8900  55.97000
162.9200  55.98000
162.9500  55.99000
162.9700  55.99000
163.0100  56.01000
163.0300  56.02000
163.0500  56.03000
163.0800  56.07000
163.1100  56.10000
163.1300  56.11000
163.1700  56.12000
163.1900  56.14000
163.2200  56.16000
163.2600  56.19000
163.2900  56.21000
163.3200  56.22000
163.3500  56.23000
163.3900  56.24000
163.4100  56.24000
163.4300  56.25000
163.4500  56.25000
163.4700  56.26000
163.4900  56.27000
163.5100  56.29000
163.5100  56.32000
163.4900  56.33000
163.4700  56.34000
163.4500  56.34000
163.4200  56.31000
163.3900  56.30000
163.3700  56.29000
163.3400  56.31000
163.3200  56.34000
163.3100  56.36000
163.2900  56.39000
163.2800  56.41000
163.2700  56.43000
163.2700  56.45000
163.2900  56.49000
163.3000  56.51000
163.3000  56.53000
163.3000  56.56000
163.3000  56.58000
163.3000  56.60000
163.2900  56.62000
163.2700  56.64000
163.2500  56.68000
163.2300  56.70000
163.2100  56.72000
163.1900  56.74000
163.1700  56.75000
163.1400  56.76000
163.1200  56.77000
163.1000  56.78000
163.0700  56.78000
163.0500  56.79000
163.0200  56.79000
162.9700  56.79000
162.9400  56.79000
162.9000  56.79000
162.8600  56.80000
162.8300  56.84000
162.8400  56.86000
162.8300  56.90000
162.8300  56.94000
162.8500  56.98000
162.8700  57.04000
162.8700  57.06000
162.8900  57.09000
162.9000  57.11000
162.9300  57.15000
162.9500  57.17000
162.9900  57.20000
163.0200  57.22000
163.0500  57.25000
163.0700  57.26000
163.1000  57.28000
163.1200  57.29000
163.1400  57.31000
163.1600  57.35000
163.1500  57.38000
163.1400  57.43000
163.1400  57.46000
163.1500  57.48000
163.1700  57.53000
163.2000  57.56000
163.2300  57.58000
163.2700  57.60000
163.3100  57.65000
163.3300  57.67000
163.3600  57.70000
163.3900  57.73000
163.4200  57.76000
163.4400  57.77000
163.4700  57.81000
163.4800  57.84000
163.4900  57.85000
163.4800  57.86000
163.4700  57.88000
163.4600  57.90000
163.4400  57.92000
163.4200  57.95000
163.4100  57.98000
163.4100  58.02000
163.4200  58.05000
163.4300  58.07000
163.4500  58.10000
163.4700  58.12000
163.5000  58.13000
163.5200  58.15000
163.5400  58.15000
163.5600  58.15000
163.5800  58.16000
163.6200  58.18000
163.6500  58.21000
163.6800  58.22000
163.6900  58.23000
163.7100  58.24000
163.7300  58.24000
163.7400  58.27000
163.7500  58.29000
163.7600  58.41000
163.7700  58.42000
163.7800  58.44000
163.7800  58.46000
163.7900  58.49000
163.8100  58.51000
163.8200  58.53000
163.8500  58.56000
163.8900  58.58000
163.9200  58.59000
163.9500  58.61000
163.9700  58.62000
163.9900  58.64000
164.0100  58.65000
164.0500  58.67000
164.0800  58.69000
164.1000  58.70000
164.1400  58.72000
164.1600  58.73000
164.2100  58.74000
164.2400  58.75000
164.2600  58.75000
164.2900  58.76000
164.3300  58.77000
164.3700  58.78000
164.4000  58.79000
164.4400  58.81000
164.4900  58.83000
164.5300  58.84000
164.5700  58.86000
164.5900  58.89000
164.6100  58.92000
164.6300  58.95000
164.6600  58.96000
164.6900  58.97000
164.7300  59.00000
164.7600  59.04000
164.7800  59.07000
164.8000  59.09000
164.8300  59.12000
164.8500  59.15000
164.8600  59.17000
164.8900  59.20000
164.9300  59.23000
164.9500  59.25000
164.9900  59.28000
165.0000  59.29000
165.0300  59.38000
165.0500  59.44000
165.0600  59.48000
165.0600  59.50000
165.1100  59.53000
165.1600  59.56000
165.1900  59.55000
165.2200  59.59000
165.2800  59.60000
165.3800  59.60000
165.4500  59.60000
165.5000  59.59000
165.5900  59.60000
165.6300  59.57000
165.6900  59.57000
165.7100  59.53000
165.7500  59.55000
165.7700  59.52000
165.8200  59.56000
165.8500  59.56000
165.8700  59.60000
165.8900  59.62000
165.9100  59.63000
165.9300  59.64000
165.9400  59.64000
166.0200  59.65000
166.0900  59.67000
166.1600  59.70000
166.2000  59.73000
166.2500  59.73000
166.2800  59.76000
166.3400  59.76000
166.3900  59.81000
166.4200  59.78000
166.4700  59.80000
166.5300  59.86000
166.5600  59.83000
166.5800  59.87000
166.6000  59.86000
166.6600  59.85000
166.7100  59.83000
166.7300  59.85000
166.7700  59.85000
166.7900  59.85000
166.8200  59.85000
166.8400  59.85000
166.8800  59.86000
166.9100  59.85000
166.9500  59.82000
166.9700  59.84000
167.0500  59.81000
167.2600  59.80000
167.3600  59.81000
167.4200  59.82000
167.5100  59.85000
167.5400  59.88000
167.5600  59.91000
167.5800  59.93000
167.6000  59.97000
167.5800  59.99000
167.6100  60.02000
167.6400  60.05000
167.6500  60.08000
167.6700  60.11000
167.6700  60.15000
167.7000  60.19000
167.7900  60.20000
167.8600  60.19000
167.8700  60.16000
167.8900  60.17000
167.9000  60.11000
167.9900  60.08000
168.0100  60.13000
168.0100  60.16000
168.0400  60.19000
168.0400  60.21000
168.1600  60.23000
168.3800  60.24000
168.4600  60.23000
168.5200  60.21000
168.5800  60.20000
168.6500  60.19000
168.6700  60.17000
168.6100  60.15000
168.5700  60.13000
168.5700  60.11000
168.5800  60.08000
168.6000  60.07000
168.6600  60.06000
168.7100  60.07000
168.7400  60.08000
168.7800  60.12000
168.7900  60.14000
168.8100  60.16000
169.0500  60.17000
169.1900  60.18000
169.2500  60.16000
169.2800  60.14000
169.3100  60.12000
169.3400  60.11000
169.3900  60.09000
169.4600  60.10000
169.5100  60.09000
169.5400  60.06000
169.5800  60.04000
169.5900  60.02000
169.6400  60.01000
169.6800  59.99000
169.7100  59.97000
169.7500  59.94000
169.7900  59.91000
169.8200  59.88000
169.8900  59.87000
169.9400  59.85000
170.0300  59.81000
170.0700  59.79000
170.1300  59.77000
170.1800  59.76000
170.2400  59.78000
170.2900  59.79000
170.3600  59.81000
170.4100  59.83000
170.4300  59.85000
170.4900  59.87000
170.5300  59.90000
170.5600  59.93000
170.5900  59.95000
170.6200  59.98000
170.6600  60.01000
170.6700  60.04000
170.6900  60.07000
170.7100  60.09000
170.7300  60.12000
170.7400  60.15000
170.7700  60.22000
170.7900  60.23000
170.8100  60.25000
170.8400  60.30000
170.8800  60.34000
170.9200  60.37000
170.9500  60.39000
171.0100  60.42000
171.0600  60.45000
171.1100  60.47000
171.1500  60.49000
171.2200  60.51000
171.2700  60.53000
171.3400  60.54000
171.4000  60.56000
171.4700  60.58000
171.5400  60.59000
171.8200  60.61000
171.8900  60.62000
171.9400  60.64000
171.9800  60.67000
172.0200  60.68000
172.0900  60.69000
172.1400  60.69000
172.2000  60.71000
172.2300  60.71000
172.2900  60.74000
172.3100  60.75000
172.3500  60.77000
172.3800  60.78000
172.4300  60.81000
172.4500  60.83000
172.4700  60.86000
172.5000  60.89000
172.5600  60.92000
172.5800  60.92000
172.6400  60.93000
172.7200  60.93000
172.8000  60.94000
172.8400  60.93000
172.8600  60.93000
172.9200  60.92000
172.9700  60.91000
173.0500  60.91000
173.0600  60.93000
173.0500  60.95000
173.0600  60.98000
173.1300  61.00000
173.1700  60.99000
173.2200  60.97000
173.2700  60.96000
173.3300  60.95000
173.3800  60.95000
173.4200  60.97000
173.4600  61.00000
173.4900  61.01000
173.5600  61.00000
173.5900  61.00000
173.6400  61.00000
173.7100  61.01000
173.7800  61.01000
173.9300  61.02000
173.9600  61.03000
174.0300  61.07000
174.0700  61.09000
174.1600  61.13000
174.1600  61.16000
174.1900  61.18000
174.2700  61.22000
174.2800  61.25000
174.3400  61.27000
174.4200  61.29000
174.4700  61.30000
174.5600  61.31000
174.6100  61.32000
174.6700  61.34000
174.7100  61.35000
174.7700  61.36000
174.8200  61.37000
174.8800  61.39000
174.9300  61.43000
175.0000  61.43000
175.1000  61.46000
175.1500  61.47000
175.1800  61.48000
175.3200  61.53000
175.3900  61.57000
175.4900  61.60000
175.5500  61.62000
175.6100  61.66000
175.6900  61.70000
175.7300  61.72000
175.8200  61.73000
175.8800  61.73000
175.9800  61.75000
176.0400  61.77000
176.1000  61.79000
176.1400  61.82000
176.1800  61.84000
176.2700  61.86000
176.3300  61.90000
176.3700  61.92000
176.4400  61.93000
176.5200  61.92000
176.5800  61.93000
176.6800  61.96000
176.7600  61.99000
176.8500  62.00000
176.9400  62.00000
177.0100  62.01000
177.1100  62.02000
177.1600  62.02000
177.2600  62.03000
177.4700  62.02000
177.6600  62.00000
177.8400  62.01000
177.8900  62.01000
177.9200  62.00000
177.9700  61.99000
178.0100  61.99000
178.0800  61.98000
178.1700  61.94000
178.2800  61.94000
178.3400  61.94000
178.4000  61.94000
178.4200  61.94000
178.4900  61.93000
178.6900  61.91000
178.7600  61.91000
178.8000  61.91000
178.8200  61.91000
178.8800  61.91000
178.9200  61.92000
178.9800  61.91000
179.0600  61.91000
179.1000  61.92000
179.1400  61.95000
179.1700  61.96000
179.2200  61.97000
179.2600  61.98000
179.3000  61.97000
179.3400  61.98000
179.3600  61.99000
179.4300  62.02000
179.4900  62.04000
179.5200  62.04000
179.5500  62.04000
179.5800  62.04000
179.6000  62.03000
179.6300  62.03000
179.6500  62.02000
179.7100  62.02000
179.7300  62.03000
179.7500  62.03000
179.7800  62.04000
179.8300  62.06000
179.9000  62.09000
179.9100  62.11000
179.9600  62.16000
179.9700  62.19000
179.9800  62.22000
180.0300  62.29000
180.0500  62.31000
180.0800  62.34000
180.1400  62.39000
180.1900  62.45000
180.2000  62.47000
180.2600  62.51000
180.3200  62.55000
180.3600  62.58000
180.4400  62.62000
180.4700  62.62000
180.5000  62.61000
180.5200  62.61000
180.5500  62.60000
180.5800  62.58000
180.5800  62.56000
180.6000  62.52000
180.6300  62.46000
180.6600  62.42000
180.7200  62.38000
180.7800  62.35000
180.8000  62.34000
180.8400  62.33000
180.8700  62.31000
180.9000  62.30000
180.9400  62.28000
180.9700  62.27000
181.0400  62.25000
181.1300  62.23000
181.1800  62.21000
181.2400  62.19000
181.2800  62.19000
181.3900  62.19000
181.4200  62.20000
181.4500  62.22000
181.4700  62.25000
181.5000  62.28000
181.5300  62.30000
181.5500  62.31000
181.5700  62.33000
181.6000  62.34000
181.6600  62.37000
181.6600  62.40000
181.6700  62.42000
181.7000  62.46000
181.7300  62.53000
181.7800  62.59000
181.7700  62.62000
181.7700  62.66000
181.7600  62.68000
181.7400  62.75000
181.7400  62.77000
181.7400  62.83000
181.7400  62.86000
181.7500  62.90000
181.7700  62.96000
181.7000  62.85000
181.7200  62.89000
181.7400  62.96000
181.7800  63.00000
181.8000  63.02000
181.8600  63.00000
181.9000  62.95000
181.9300  62.93000
181.9300  62.89000
181.9600  62.85000
181.9400  62.84000
181.9400  62.82000
181.9400  62.78000
181.9500  62.74000
181.9900  62.71000
182.0200  62.68000
182.0400  62.66000
182.0800  62.61000
182.1100  62.57000
182.1400  62.54000
182.1900  62.49000
182.2300  62.46000
182.2500  62.44000
182.3000  62.42000
182.3300  62.42000
182.3700  62.40000
182.3900  62.40000
182.4100  62.39000
182.4900  62.35000
182.5200  62.33000
182.6000  62.28000
182.6700  62.25000
182.6900  62.24000
182.7400  62.20000
182.7700  62.19000
182.8900  62.13000
182.9400  62.08000
182.9500  62.06000
182.9700  62.02000
183.0100  61.97000
183.0300  61.94000
183.0300  61.91000
183.0500  61.85000
183.0600  61.77000
183.0700  61.75000
183.0700  61.72000
183.0700  61.67000
183.0700  61.63000
183.0700  61.60000
183.0800  61.57000
183.1000  61.54000
183.1000  61.52000
183.1300  61.47000
183.1600  61.40000
183.1600  61.38000
183.1600  61.36000
183.1700  61.31000
183.1800  61.27000
183.1800  61.23000
183.1900  61.20000
183.2100  61.15000
183.2100  61.13000
183.2200  61.09000
183.2400  61.02000
183.1200  60.62000
183.0900  60.57000
183.0700  60.54000
183.0700  60.51000
183.0500  60.46000
183.0400  60.44000
183.0200  60.40000
183.0000  60.36000
183.0000  60.34000
182.9800  60.29000
182.9600  60.23000
182.9600  60.21000
182.9600  60.18000
182.9600  60.13000
182.9500  60.09000
182.9400  60.06000
182.9200  60.02000
182.9400  59.95000
182.9600  59.92000
183.0200  59.89000
183.0900  59.83000
183.1200  59.81000
183.1600  59.78000
183.2400  59.74000
183.3000  59.71000
183.3400  59.69000
183.4100  59.67000
183.5000  59.67000
183.5500  59.66000
183.6100  59.66000
183.7100  59.66000
183.8200  59.66000
183.8800  59.67000
183.9200  59.67000
184.0100  59.69000
184.0300  59.70000
184.1200  59.71000
184.2200  59.72000
184.2400  59.72000
184.2900  59.73000
184.3600  59.75000
184.4100  59.76000
184.4700  59.77000
184.5200  59.79000
184.5700  59.81000
184.6300  59.81000
184.6800  59.82000
184.8300  59.86000
185.0500  59.89000
185.0700  59.90000
185.2000  59.90000
185.3400  59.91000
185.5400  59.92000
185.5600  59.92000
185.5900  59.92000
185.6700  59.91000
185.7300  59.91000
185.8800  59.91000
185.9200  59.91000
186.0000  59.88000
186.0800  59.85000
186.1400  59.84000
186.2700  59.81000
186.3400  59.78000
186.3600  59.75000
186.3900  59.73000
186.4700  59.69000
186.5500  59.65000
186.6100  59.61000
186.6300  59.60000
186.6600  59.61000
186.6600  59.56000
186.6900  59.54000
186.7100  59.53000
186.7500  59.49000
186.7900  59.45000
186.8300  59.42000
186.8600  59.38000
186.8800  59.36000
186.9100  59.33000
186.9300  59.31000
186.9500  59.30000
187.0200  59.27000
187.0900  59.23000
187.1500  59.20000
187.2000  59.18000
187.2400  59.15000
187.2800  59.11000
187.3200  59.09000
187.3500  59.08000
187.3800  59.07000
187.7000  58.95000
187.7100  58.91000
187.7400  58.87000
187.7700  58.81000
187.8200  58.75000
187.8500  58.71000
187.8600  58.69000
187.8800  58.66000
187.9100  58.62000
187.9400  58.57000
187.9600  58.54000
187.9800  58.52000
188.0000  58.49000
188.0100  58.46000
188.0600  58.37000
188.1100  58.28000
188.1300  58.21000
188.1700  58.15000
188.1800  58.11000
188.2200  58.05000
188.2400  58.01000
188.2700  57.97000
188.3100  57.91000
188.3400  57.88000
188.3700  57.84000
188.4000  57.76000
188.4200  57.70000
188.4500  57.62000
188.4600  57.57000
188.4900  57.51000
188.5400  57.44000
188.6100  57.38000
188.6500  57.33000
188.6900  57.25000
188.7500  57.18000
188.8000  57.13000
188.8800  57.07000
188.9500  57.02000
189.0200  56.98000
189.0800  56.96000
189.1400  56.95000
189.2200  56.94000
189.3000  56.90000
189.3200  56.89000
189.4700  56.77000
189.5800  56.71000
189.7200  56.66000
189.8200  56.61000
189.8800  56.57000
189.9500  56.53000
190.0000  56.49000
190.0500  56.47000
190.1900  56.42000
190.2900  56.40000
190.4300  56.40000
190.4600  56.41000
190.4600  56.44000
190.5000  56.46000
190.6000  56.48000
190.7200  56.48000
190.8100  56.49000
190.8700  56.50000
190.9600  56.54000
191.0100  56.59000
191.0600  56.65000
191.0900  56.69000
191.1200  56.73000
191.1700  56.77000
191.2200  56.79000
191.2400  56.80000
191.2600  56.81000
191.3500  56.82000
191.4200  56.82000
191.5000  56.83000
191.5900  56.84000
191.7000  56.83000
191.7400  56.82000
191.8600  56.81000
191.9000  56.81000
191.9700  56.79000
192.0800  56.76000
192.2400  56.73000
192.3500  56.73000
192.4200  56.72000
192.4800  56.71000
192.5700  56.67000
192.7200  56.64000
192.8300  56.62000
192.8800  56.61000
192.9300  56.59000
193.0300  56.56000
193.1500  56.54000
193.2100  56.53000
193.2800  56.50000
193.3200  56.48000
193.4500  56.44000
193.4900  56.43000
193.5800  56.40000
193.6800  56.37000
193.7900  56.36000
193.8200  56.35000
193.8900  56.32000
193.9500  56.29000
194.0000  56.25000
194.0500  56.21000
194.1100  56.17000
194.1300  56.16000
194.1600  56.14000
194.2200  56.10000
194.2900  56.07000
194.4500  56.03000
194.5400  56.01000
194.6100  55.98000
194.6600  55.96000
194.7600  55.92000
194.8700  55.87000
194.9000  55.86000
194.9600  55.84000
194.9800  55.82000
195.0200  55.78000
195.0600  55.75000
195.1000  55.72000
195.1900  55.69000
195.2600  55.67000
195.3300  55.66000
195.3900  55.64000
195.4500  55.61000
195.5100  55.56000
195.5500  55.52000
195.5700  55.47000
195.5600  55.43000
195.5600  55.39000
195.5500  55.37000
195.4900  55.34000
195.4200  55.32000
195.3300  55.28000
195.3000  55.26000
195.2800  55.21000
195.2700  55.18000
195.2400  55.16000
195.2000  55.13000
195.1600  55.11000
195.1200  55.08000
195.1100  55.06000
195.0700  55.02000
195.0100  54.99000
194.9600  54.95000
194.9300  54.92000
194.9000  54.88000
194.8700  54.84000
194.8300  54.80000
194.8100  54.77000
194.7700  54.74000
194.7300  54.71000
194.7200  54.69000
194.6800  54.65000
194.6500  54.62000
194.6300  54.57000
194.6100  54.54000
194.5500  54.50000
194.4900  54.46000
194.4300  54.43000
194.3800  54.41000
194.3200  54.37000
194.2900  54.33000
194.2600  54.31000
194.2000  54.28000
194.1200  54.24000
194.0600  54.22000
194.0200  54.20000
193.9900  54.18000
193.9600  54.18000
193.9200  54.16000
193.8700  54.15000
193.8000  54.12000
193.7600  54.08000
193.7400  54.06000
193.7100  54.05000
193.6800  54.03000
193.6400  54.02000
193.6000  54.01000
193.5300  54.00000
193.4900  53.99000
193.4700  53.99000
193.3700  53.98000
193.3000  53.97000
193.2200  53.96000
193.1900  53.96000
193.1300  53.95000
193.0800  53.95000
193.0600  53.94000
193.0000  53.93000
192.5700  53.56000
192.5500  53.55000
192.5300  53.54000
192.5000  53.52000
192.4400  53.51000
192.4200  53.49000
192.3700  53.47000
192.3400  53.46000
192.3000  53.44000
192.2500  53.43000
192.2100  53.43000
192.1400  53.42000
192.1200  53.44000
192.0600  53.42000
192.0300  53.43000
191.9800  53.46000
191.9700  53.48000
191.9600  53.50000
191.9400  53.51000
191.8800  53.52000
191.8400  53.53000
191.8000  53.53000
191.7700  53.53000
191.7400  53.52000
191.6900  53.50000
191.6600  53.48000
191.6400  53.47000
191.6200  53.44000
191.6000  53.43000
191.5600  53.41000
191.5400  53.40000
191.5100  53.40000
191.4900  53.39000
191.4700  53.36000
191.4500  53.35000
191.4400  53.33000
191.4100  53.31000
191.3900  53.30000
191.3700  53.29000
191.3200  53.24000
191.2700  53.22000
191.2100  53.20000
191.1800  53.18000
191.1300  53.14000
191.1200  53.12000
191.0900  53.08000
191.0500  53.04000
191.0200  53.02000
190.9800  52.99000
190.9000  52.96000
190.8700  52.92000
190.8200  52.89000
190.7800  52.86000
190.7400  52.83000
190.6800  52.79000
190.6700  52.77000
190.6500  52.73000
190.6800  52.71000
190.7000  52.69000
190.7700  52.68000
190.8000  52.68000
190.8300  52.68000
190.8700  52.69000
190.9300  52.71000
190.9900  52.73000
191.0200  52.74000
191.0500  52.76000
191.1000  52.78000
191.1200  52.79000
191.1900  52.81000
191.2200  52.81000
191.2700  52.82000
191.2900  52.85000
191.3200  52.87000
191.3500  52.87000
191.3800  52.89000
191.4300  52.90000
191.5000  52.93000
191.5400  52.94000
191.5900  52.94000
191.6500  52.96000
191.6900  52.97000
191.7100  52.98000
191.7300  53.01000
191.7900  53.04000
191.8300  53.05000
191.8800  53.05000
191.9400  53.04000
192.0500  53.03000
192.1100  53.03000
192.1400  53.04000
192.2000  53.07000
192.2700  53.10000
192.3400  53.10000
192.4200  53.12000
192.4500  53.13000
192.5200  53.16000
192.5900  53.18000
192.6400  53.20000
192.7300  53.22000
192.7500  53.23000
192.8000  53.25000
192.8400  53.26000
192.8800  53.28000
192.9400  53.31000
193.0300  53.32000
193.1000  53.34000
193.1400  53.35000
193.1700  53.35000
193.2400  53.37000
193.2900  53.39000
193.3100  53.41000
193.3900  53.44000
193.4700  53.46000
193.5200  53.47000
193.5800  53.49000
193.6300  53.51000
193.6500  53.53000
193.7100  53.55000
193.7500  53.55000
193.8200  53.55000
193.9000  53.56000
193.9600  53.56000
194.0000  53.57000
194.0600  53.58000
194.1300  53.59000
194.1900  53.61000
194.2500  53.63000
194.2700  53.63000
194.3200  53.66000
194.3500  53.67000
194.4000  53.69000
194.4600  53.70000
194.5100  53.73000
194.5400  53.77000
194.5800  53.82000
194.6200  53.84000
194.6400  53.85000
194.7000  53.86000
194.7800  53.87000
194.8100  53.87000
194.8600  53.87000
194.8900  53.84000
195.0200  53.83000
195.0900  53.83000
195.1600  53.85000
195.2500  53.88000
195.2900  53.88000
195.3100  53.88000
195.3400  53.87000
195.3600  53.87000
195.4000  53.86000
195.4400  53.86000
195.5200  53.79000
195.6600  53.78000
195.6900  53.79000
195.7300  53.80000
195.8000  53.80000
195.8700  53.81000
195.8900  53.81000
195.9800  53.84000
196.0800  53.86000
196.1000  53.87000
196.1500  53.88000
196.1800  53.90000
196.2100  53.91000
196.1800  53.91000
196.1600  53.92000
196.1400  53.95000
196.1300  53.97000
196.1200  54.01000
196.1300  54.04000
196.1700  54.04000
196.2300  54.06000
196.2400  54.04000
196.2500  54.01000
196.2700  53.99000
196.3200  53.99000
196.3500  54.02000
196.4200  54.07000
196.4500  54.06000
196.5000  54.05000
196.5600  54.04000
196.6500  54.04000
196.7300  54.04000
196.7600  54.05000
196.8600  54.08000
196.9500  54.10000
197.0400  54.11000
197.1100  54.12000
197.1800  54.13000
197.2500  54.15000
197.3200  54.18000
197.4100  54.20000
197.4600  54.21000
197.5000  54.21000
197.5400  54.22000
197.5700  54.21000
197.6300  54.21000
197.6600  54.21000
197.7000  54.26000
197.7400  54.31000
197.7500  54.35000
197.8100  54.38000
197.8700  54.38000
197.9100  54.36000
197.9600  54.35000
198.0000  54.34000
198.0500  54.34000
198.0800  54.33000
198.1000  54.33000
198.1200  54.32000
198.1400  54.30000
198.1600  54.29000
198.1400  54.28000
198.1400  54.25000
198.1500  54.23000
198.2200  54.21000
198.2600  54.24000
198.2600  54.27000
198.2600  54.30000
198.3000  54.33000
198.3400  54.33000
198.3600  54.30000
198.3800  54.31000
198.4100  54.33000
198.4600  54.38000
198.5000  54.40000
198.5600  54.42000
198.6500  54.45000
198.6900  54.48000
198.7100  54.50000
198.7800  54.56000
198.8500  54.61000
198.9600  54.67000
199.0400  54.70000
199.1100  54.73000
199.1800  54.75000
199.2300  54.76000
199.2700  54.77000
199.3300  54.77000
199.3500  54.77000
199.4000  54.77000
199.4700  54.72000
199.5200  54.68000
199.6000  54.59000
199.6800  54.56000
199.7600  54.52000
199.7800  54.52000
199.8600  54.50000
199.9300  54.49000
199.9500  54.48000
200.0100  54.48000
200.0900  54.47000
200.1500  54.47000
200.1900  54.48000
200.2700  54.49000
200.3300  54.50000
200.3800  54.51000
200.4500  54.53000
200.5300  54.54000
200.6100  54.55000
200.6700  54.56000
200.7100  54.58000
200.7400  54.60000
200.8100  54.64000
200.8800  54.67000
200.9500  54.69000
200.9900  54.70000
201.0000  54.72000
201.0300  54.74000
201.1000  54.78000
201.1500  54.80000
201.1300  54.84000
201.1000  54.87000
201.0500  54.95000
200.9900  55.02000
200.9700  55.04000
200.9500  55.08000
200.9200  55.12000
200.8900  55.16000
200.8700  55.19000
200.8600  55.21000
200.8900  55.30000
200.9100  55.31000
200.9300  55.34000
200.9900  55.41000
201.0600  55.43000
201.1000  55.45000
201.1800  55.48000
201.2500  55.48000
201.3100  55.48000
201.3300  55.48000
201.4100  55.46000
202.0800  55.21000
202.1400  55.20000
202.1400  55.23000
202.1500  55.26000
202.1600  55.30000
202.1500  55.32000
202.1600  55.36000
202.1600  55.40000
202.1700  55.48000
202.2100  55.55000
202.2100  55.59000
202.2400  55.64000
202.2700  55.69000
202.3100  55.73000
202.3300  55.77000
202.3500  55.83000
202.3600  55.88000
202.3700  55.94000
202.3800  55.98000
202.4000  56.04000
202.4200  56.08000
202.8600  56.14000
202.8800  56.12000
202.9000  56.10000
202.9100  56.08000
202.9000  56.05000
202.8800  56.01000
202.8500  55.98000
202.8200  55.91000
202.8300  55.89000
202.8900  55.88000
202.9200  55.87000
202.9500  55.87000
202.9700  55.88000
202.9900  55.90000
203.2100  55.87000
203.2300  55.88000
203.2800  55.91000
203.3500  55.91000
203.4100  55.93000
203.4400  55.97000
203.4500  56.01000
203.3800  56.07000
203.3600  56.10000
203.3300  56.12000
203.3100  56.15000
203.2900  56.21000
203.2800  56.23000
203.2500  56.25000
203.2100  56.29000
203.1900  56.31000
203.1800  56.35000
203.2000  56.42000
203.2100  56.44000
203.2500  56.49000
203.3000  56.54000
203.3200  56.57000
203.3600  56.62000
203.4300  56.68000
203.4900  56.71000
203.5300  56.75000
203.6000  56.80000
203.6300  56.87000
203.6700  56.94000
203.7000  57.00000
203.7100  57.06000
203.7100  57.14000
203.7300  57.18000
203.7600  57.23000
203.7800  57.26000
203.7800  57.28000
203.8300  57.34000
203.8600  57.33000
203.8800  57.33000
204.0300  57.35000
204.1300  57.41000
204.2300  57.49000
204.3200  57.52000
204.4300  57.57000
204.5500  57.62000
204.5900  57.68000
204.6600  57.74000
204.6900  57.74000
204.8000  57.76000
204.8800  57.87000
204.9800  57.91000
999.00000 99.00000
190.2700  52.66700
190.2400  52.67500
190.2200  52.68400
190.2000  52.69500
190.1800  52.70400
190.1700  52.72400
190.1800  52.75000
190.2000  52.76300
190.2200  52.77600
190.2400  52.77700
190.2600  52.77100
190.2800  52.78400
190.2800  52.80400
190.2700  52.82300
190.2500  52.83900
190.2300  52.83300
190.2100  52.83000
190.1900  52.82500
190.1600  52.81200
190.1300  52.80200
190.1100  52.77800
190.0900  52.76900
190.0600  52.76100
190.0300  52.75400
190.0100  52.74900
189.9900  52.73900
189.9600  52.72700
189.9400  52.71700
189.9200  52.72500
189.9200  52.74700
189.8400  52.89100
189.8000  52.89800
189.8200  52.90400
189.8400  52.92700
189.8700  52.93700
189.8900  52.94600
189.9100  52.95100
189.9300  52.95800
189.9600  52.96800
189.9900  52.97900
190.0100  52.98400
190.0400  52.98800
190.0600  52.99300
190.0800  52.99500
190.1200  52.99400
190.1500  52.99300
190.1700  52.99600
190.1900  52.99800
190.2100  52.99300
190.2500  52.99200
190.2800  52.98900
190.3000  52.98800
190.3300  52.98300
190.3500  52.96500
190.3600  52.94700
190.3700  52.92800
190.3700  52.90400
190.3800  52.87800
190.3800  52.84400
190.3700  52.81600
190.3800  52.79100
190.3800  52.76800
190.3700  52.73600
190.3600  52.71700
190.3600  52.68200
190.3400  52.67100
190.3100  52.66000
190.2900  52.65600
190.2600  52.66000
190.2400  52.67400
999.00000 99.00000
187.3400  52.23700
187.3500  52.25600
187.3700  52.28300
187.3900  52.29700
187.4100  52.31600
187.4300  52.31800
187.4600  52.30600
187.4800  52.29200
187.5100  52.27100
187.5400  52.26400
187.5600  52.25800
187.5700  52.23300
187.5600  52.20900
187.5400  52.19600
187.5200  52.18400
187.5000  52.17800
187.4600  52.17400
187.4300  52.17400
187.4100  52.18200
187.3900  52.19500
187.3700  52.20600
187.3500  52.21600
187.3400  52.22600
187.3400  52.23700
999.00000 99.00000
187.5800  52.31100
187.6000  52.33300
187.6200  52.34700
187.6400  52.35500
187.6600  52.35800
187.6800  52.35300
187.7000  52.33500
187.7100  52.31300
187.7000  52.28900
187.6900  52.27000
187.6700  52.26600
187.6500  52.26800
187.6300  52.27400
187.6100  52.29400
187.5900  52.31500
999.00000 99.00000
187.2000  52.13900
187.2100  52.12100
187.2200  52.10200
187.2300  52.08000
187.2100  52.05600
187.1800  52.05200
187.1400  52.04200
187.1000  52.04300
187.0800  52.04500
187.0400  52.04700
187.0100  52.05000
186.9900  52.04900
186.9600  52.04300
186.9200  52.02800
186.8800  52.02200
186.8300  52.01500
186.8100  52.01200
186.7700  52.00600
186.7200  51.98800
186.6800  51.97600
186.6500  51.97100
186.6100  51.96800
186.5700  51.96700
186.5200  51.96700
186.4900  51.96800
186.4500  51.96800
186.4100  51.96700
186.3600  51.96400
186.3300  51.95800
186.2900  51.95400
186.2700  51.95200
186.2300  51.95400
186.1800  51.95300
186.1500  51.95000
186.1300  51.94500
186.0700  51.93800
186.0500  51.93600
186.0100  51.93400
185.9900  51.93200
185.9500  51.93700
185.9100  51.93900
185.8400  51.96200
185.8200  51.96500
185.8000  51.96900
185.7500  51.96900
185.6900  51.96100
185.6500  51.95900
185.6300  51.95800
185.6100  51.95400
185.5700  51.93400
185.5200  51.92300
185.4900  51.92000
185.4700  51.91800
185.4300  51.91400
185.3800  51.91100
185.3500  51.91200
185.3300  51.91400
185.3100  51.92100
185.1400  51.94000
185.1200  51.94000
185.1000  51.92200
184.9500  51.86600
184.9500  51.89700
184.8800  51.91700
184.8500  51.89500
184.7500  51.88900
184.9700  51.90700
184.9500  51.90900
184.9100  51.90400
184.8600  51.90200
184.8300  51.90200
184.7700  51.90200
184.7400  51.90500
184.6800  51.90200
184.6400  51.89700
184.5600  51.89400
184.5300  51.89300
184.4800  51.89500
184.4300  51.88700
184.3700  51.86300
184.3000  51.82600
184.2800  51.82100
184.2100  51.80500
184.1900  51.80600
184.1500  51.80200
184.1300  51.80100
184.0600  51.79700
184.0400  51.79100
184.0200  51.78400
183.9900  51.77500
183.9700  51.77400
183.9300  51.76700
183.9100  51.76100
183.8900  51.75800
183.8600  51.74600
183.8300  51.74300
183.7900  51.73400
183.7400  51.72100
183.7100  51.72300
183.6600  51.72200
183.6300  51.71600
183.6000  51.71400
183.5600  51.71000
183.5500  51.68700
183.4600  51.65900
183.4400  51.65600
183.4000  51.64700
183.3600  51.63200
183.3200  51.61600
183.2700  51.60700
183.2100  51.59200
183.1800  51.58700
183.1300  51.57900
183.1100  51.57600
183.0900  51.57400
183.0700  51.57600
183.0400  51.58600
183.0100  51.60800
182.9800  51.64000
182.9600  51.65500
182.9300  51.68200
182.9100  51.69400
182.8800  51.68800
182.8600  51.67900
182.8400  51.66400
182.8200  51.65600
182.8000  51.64000
182.7600  51.63800
182.7300  51.64900
182.7100  51.65900
182.6600  51.67100
182.6400  51.68700
182.6200  51.68800
182.5800  51.67900
182.5300  51.66600
182.5000  51.65300
182.4300  51.64700
182.3800  51.63800
182.3400  51.64600
182.3100  51.64800
182.2800  51.64600
182.2500  51.64100
182.2300  51.63200
182.1800  51.61500
182.1600  51.61300
182.1300  51.61700
182.1100  51.61500
182.0900  51.60300
182.0700  51.58500
182.0500  51.57500
182.0100  51.58000
181.9900  51.58800
181.9700  51.59900
181.9500  51.60900
181.9000  51.62500
181.8700  51.62700
181.8500  51.62800
181.8000  51.63700
181.7800  51.65900
181.8000  51.68700
181.8000  51.70900
181.8100  51.74100
181.8200  51.75900
181.8400  51.78100
181.8600  51.78200
181.9000  51.79100
181.9200  51.80400
181.9400  51.81400
181.9600  51.81900
181.9900  51.82000
182.0100  51.82300
182.0400  51.82300
182.0600  51.81900
182.0900  51.80900
182.1100  51.80600
182.1300  51.78700
182.1500  51.77600
182.1800  51.76500
182.2000  51.75400
182.2200  51.74600
182.2500  51.74400
182.2900  51.74800
182.3200  51.75300
182.3500  51.75400
182.3900  51.75500
182.4300  51.75000
182.4600  51.75000
182.4800  51.74900
182.5200  51.75100
182.5500  51.75500
182.5800  51.76000
182.6200  51.76400
182.6500  51.76500
182.6800  51.76600
182.7000  51.76800
182.7300  51.77200
182.7600  51.77600
182.7900  51.78500
182.8500  51.78900
182.8700  51.79700
182.9100  51.79800
182.9300  51.79300
182.9600  51.79100
183.0000  51.77900
183.0300  51.78100
183.0700  51.78400
183.0900  51.79200
183.1200  51.80600
183.1500  51.82300
183.1800  51.84800
183.2000  51.85600
183.2200  51.86100
183.2500  51.86700
183.2700  51.87100
183.3100  51.87400
183.3400  51.87900
183.3700  51.88100
183.4000  51.88800
183.4500  51.88600
183.4800  51.88300
183.5100  51.88300
183.5400  51.88400
183.5900  51.88500
183.6100  51.89700
183.6300  51.91100
183.6600  51.92100
183.6900  51.92900
183.7200  51.94100
183.7500  51.97300
183.7900  51.99300
183.8200  52.01000
183.8700  52.02100
183.9000  52.02000
183.9300  52.02100
183.9700  52.02200
183.9900  52.02800
184.0200  52.03200
184.0500  52.03700
184.0800  52.04000
184.1100  52.03400
184.1300  52.03100
184.1700  52.02400
184.2300  52.02000
184.2500  52.01900
184.2800  52.00600
184.3000  51.99800
184.3400  51.99200
184.3600  51.99500
184.4000  51.99700
184.4500  52.00100
184.4900  52.00900
184.5200  52.01200
184.5600  52.01300
184.6000  52.01300
184.6400  52.01500
184.6600  52.01700
184.7600  52.03800
184.8000  52.03800
184.8400  52.03400
184.8700  52.04300
184.9100  52.05200
184.9400  52.06900
185.0100  52.09700
185.0300  52.10300
185.0800  52.10900
185.1000  52.11300
185.1400  52.12000
185.1600  52.12600
185.2200  52.13600
185.2500  52.14300
185.2900  52.15500
185.3800  52.18200
185.4300  52.20000
185.4900  52.25000
185.5200  52.26900
185.5600  52.29500
185.6300  52.32100
185.6700  52.33900
185.7100  52.33900
185.7300  52.33100
185.7500  52.31400
185.7700  52.30100
185.7900  52.28100
185.8200  52.26600
185.8400  52.25200
185.8700  52.24800
185.9300  52.25500
185.9500  52.26700
185.9700  52.30500
186.0000  52.30300
186.0400  52.28600
186.0900  52.26600
186.1100  52.25600
186.1500  52.24200
186.2800  52.21500
186.4100  52.19900
186.4600  52.19300
186.4800  52.18300
186.5400  52.15800
186.5800  52.15000
186.6700  52.14500
186.7600  52.14200
186.8500  52.13200
186.9400  52.12400
186.9800  52.12000
187.0000  52.12800
187.0500  52.13600
187.0700  52.13800
187.0900  52.14400
187.1300  52.14800
187.1700  52.14300
187.1900  52.12900
187.2000  52.13900
999.00000 99.00000
179.4600  51.97200
179.4900  52.02700
179.5200  52.06200
179.5500  52.08800
179.5800  52.11300
179.6300  52.14000
179.6500  52.14900
179.7000  52.14700
179.7300  52.13900
179.7600  52.11600
179.7900  52.07600
179.7900  52.05200
179.7700  52.02100
179.7600  51.98400
179.7400  51.95500
179.7300  51.93700
179.7100  51.91900
179.6700  51.88600
179.6400  51.86700
179.6100  51.86400
179.5700  51.86400
179.5400  51.87500
179.5300  51.89400
999.00000 99.00000
179.2000  51.31000
179.1600  51.32100
179.1300  51.33300
179.0900  51.34600
179.0500  51.37000
179.0100  51.39500
178.9600  51.42500
178.9300  51.45200
178.8900  51.47500
178.8600  51.48900
178.8000  51.50500
178.7400  51.51900
178.7000  51.53100
178.6600  51.54600
178.6400  51.55500
178.6600  51.58300
178.7300  51.58600
178.7700  51.57800
178.8200  51.57100
178.8500  51.56800
178.8700  51.56300
178.8900  51.55700
178.9200  51.53300
178.9600  51.52200
179.0000  51.52000
179.0400  51.51400
179.0800  51.50000
179.1000  51.48800
179.1300  51.46800
179.1600  51.44800
179.2000  51.43100
179.2300  51.42100
179.2500  51.41500
179.2700  51.39200
179.2800  51.37000
179.2400  51.34800
999.00000 99.00000
178.1400  51.78000
178.1600  51.74500
178.1500  51.77100
178.4000  51.88500
178.3600  51.85500
178.3400  51.84200
178.3300  51.81800
178.3300  51.79700
178.3400  51.77700
178.3400  51.74800
178.3400  51.72800
178.3100  51.71900
178.2800  51.72000
178.2500  51.72000
178.2100  51.72800
178.1900  51.74500
178.1600  51.75500
178.1400  51.78000
999.00000 99.00000
177.2000  51.83300
177.2000  51.87200
177.3700  51.99700
177.4000  52.00000
177.4200  52.01000
177.4400  52.01900
177.4600  52.03000
177.4800  52.03900
177.5000  52.04500
177.5400  52.05400
177.5700  52.05400
177.6000  52.05100
177.6300  52.05000
177.6500  52.03400
177.6800  52.00900
177.7100  51.99300
177.7300  51.98900
177.7300  51.95700
177.7200  51.93800
177.7000  51.91300
177.6700  51.90500
999.00000 99.00000
172.6900  52.73600
172.6600  52.74100
172.6300  52.75800
172.6200  52.77700
172.6100  52.79500
172.5800  52.81300
172.5600  52.83400
172.5300  52.85200
172.4900  52.88000
172.4700  52.89200
172.4500  52.90200
172.4800  52.90700
172.5000  52.91100
172.5200  52.92000
172.5500  52.93300
172.5600  52.95200
172.5900  52.96800
172.6200  52.99800
172.6700  53.01200
172.7000  53.01100
172.7200  53.01100
172.7500  53.01100
172.7700  53.00800
172.8000  53.00400
172.8300  52.99600
172.8800  52.98900
172.9200  52.98300
172.9700  52.97900
173.0100  52.97000
173.0300  52.96600
173.0600  52.95700
173.0900  52.94200
173.1200  52.92900
173.1400  52.92000
173.1700  52.91100
173.2000  52.90500
173.2200  52.89900
173.2400  52.88600
173.2600  52.86100
173.3000  52.83800
173.3300  52.83100
173.3500  52.83100
173.4000  52.81700
173.4100  52.79500
173.4300  52.77400
173.4500  52.76100
173.4700  52.73400
173.4900  52.71600
173.5100  52.66300
173.5200  52.64000
173.5400  52.61800
173.5700  52.61200
173.6000  52.61000
173.6400  52.61000
173.6700  52.61600
173.6900  52.62700
173.7100  52.63800
173.7300  52.66900
173.7300  52.70600
173.6900  52.74300
173.6600  52.76400
173.6800  52.77200
173.7000  52.76700
173.7400  52.75400
173.7600  52.74800
173.7900  52.74400
173.8100  52.73900
173.8600  52.73300
173.9100  52.72500
173.9600  52.71000
173.9800  52.70200
174.0000  52.68800
174.0300  52.67700
174.0500  52.67200
174.0700  52.66100
174.0900  52.63600
174.1000  52.61500
174.1100  52.58400
174.1200  52.56300
174.1300  52.53800
174.1400  52.50700
174.1300  52.48700
174.1000  52.47500
174.0800  52.46500
174.0600  52.45400
174.0400  52.44100
174.0100  52.42200
173.9800  52.40800
173.9600  52.39900
173.9300  52.38800
173.9100  52.37700
173.8800  52.36600
173.8600  52.35600
173.8300  52.34800
173.8000  52.33000
173.7800  52.30900
173.7600  52.28000
173.7400  52.25700
173.7200  52.25400
173.6900  52.27500
173.6700  52.29400
173.6400  52.31600
173.6200  52.32400
173.5900  52.32800
173.5600  52.32900
173.5000  52.32700
173.4800  52.32900
173.4500  52.33300
173.4300  52.33800
173.4100  52.35400
173.3900  52.36400
173.3600  52.37300
173.3300  52.38700
173.3100  52.39700
173.2800  52.40600
173.2500  52.42100
173.2200  52.43200
173.1900  52.43800
173.1700  52.45100
173.1400  52.47100
173.1100  52.48100
173.0700  52.49600
173.0400  52.50400
173.0100  52.53500
172.9800  52.55000
172.9600  52.56900
172.9400  52.59000
172.9300  52.61400
172.9200  52.63200
172.9000  52.64800
172.8700  52.66500
172.8400  52.68800
172.8000  52.70900
172.7600  52.72700
172.7100  52.74300
999.00000 99.00000
167.9000  54.57300
167.8700  54.57700
167.8400  54.58000
167.8100  54.57900
167.7800  54.57500
167.7400  54.57500
167.7100  54.57600
167.6700  54.57400
167.6400  54.57300
167.6100  54.58100
167.5800  54.59500
167.5600  54.60600
167.5300  54.62300
167.5000  54.64300
167.4700  54.65700
167.4400  54.66700
167.3900  54.67500
167.3700  54.68300
167.3500  54.69700
167.3200  54.72300
167.3100  54.74100
167.3100  54.77600
167.3000  54.80500
167.3200  54.83500
167.3400  54.84200
167.3700  54.84200
167.3900  54.83700
167.4100  54.83000
167.4400  54.81300
167.4600  54.79700
167.4900  54.77300
167.5100  54.76700
167.5400  54.76300
167.5700  54.75900
167.5900  54.75300
167.6200  54.73400
167.6300  54.71600
167.6500  54.70700
167.6700  54.69400
167.7000  54.69200
167.7300  54.69000
167.7700  54.67500
167.7900  54.66600
167.8100  54.64800
167.8300  54.62100
167.8500  54.60600
167.8700  54.59300
167.8900  54.59000
999.00000 99.00000
166.3700  54.84300
166.3300  54.85600
166.2800  54.87500
166.2600  54.88700
166.2300  54.90000
166.1900  54.92700
166.1600  54.94500
166.1300  54.98200
166.1000  55.00600
166.0700  55.03200
166.0600  55.05200
166.0400  55.07400
166.0300  55.09200
166.0100  55.11600
165.9900  55.13600
165.9600  55.16300
165.9300  55.18600
165.8900  55.20700
165.8600  55.22100
165.8200  55.23500
165.7800  55.25100
165.7500  55.26100
165.7300  55.26900
165.7100  55.27200
165.6700  55.28100
165.6500  55.29600
165.6300  55.31500
165.6400  55.33700
165.6800  55.34200
165.7200  55.34700
165.7600  55.35000
165.8100  55.35800
165.8600  55.37300
165.9000  55.38000
165.9300  55.38500
165.9600  55.38400
165.9900  55.37700
166.0200  55.37000
166.0800  55.36600
166.1100  55.35700
166.1400  55.35200
166.1700  55.33000
166.2100  55.29800
166.2500  55.27900
166.2700  55.26000
166.2900  55.24300
166.3000  55.21500
166.3000  55.19500
166.3200  55.15600
166.3500  55.11300
166.3700  55.09200
166.4000  55.05800
166.4300  55.02900
166.4500  55.01200
166.4800  54.98800
166.5100  54.96700
166.5400  54.95000
166.5700  54.93500
166.6300  54.90600
166.6800  54.85800
166.7100  54.83000
166.7400  54.79100
166.7700  54.75700
166.7900  54.73000
166.8200  54.69900
166.8200  54.67700
166.7800  54.66300
166.7600  54.66400
166.7300  54.67200
166.7000  54.68000
166.7000  54.68000
166.6800  54.69000
166.6500  54.69900
999.00000 99.00000
156.99896 60.75002
156.83231 60.66669
156.66565 60.58336
156.49899 60.50003
155.99902 60.25003
155.58238 59.91670
155.58238 59.83337
155.58238 59.58337
155.66571 59.50004
155.83237 59.41671
155.99902 59.16671
155.83237 59.08338
155.33240 59.00005
154.58244 58.91672
152.33258 58.75005
151.99927 58.66672
150.58269 58.75005
150.49936 58.83339
150.08272 59.08338
149.91606 59.08338
149.33276 59.00005
148.58281 59.00005
148.24950 59.08338
148.08284 59.08338
147.74953 59.08338
147.74953 59.00005
147.58287 58.91672
147.08290 59.08338
146.99957 59.00005
146.49960 59.08338
146.08296 59.00005
145.58299 59.00005
145.58299 59.08338
145.41634 59.16671
145.33301 59.16671
144.58305 59.08338
144.49973 59.08338
143.41646 58.91672
143.08315 58.83339
142.83316 58.75005
142.33319 58.58339
142.24986 58.50006
142.08321 58.41673
141.91655 58.33339
141.16660 58.00006
141.08327 57.91673
140.99994 57.83340
140.91661 57.75007
140.74995 57.66674
140.66663 57.58340
999.00000 99.00000
159.83212 59.58337
159.08217 59.25005
158.99884 59.16671
158.83218 59.08338
158.41554 58.91672
157.99890 58.75005
157.83224 58.66672
157.66559 58.58339
156.41566 58.00006
156.33234 57.91673
156.24901 57.83340
156.16568 57.75007
155.83237 57.50007
155.58238 57.25008
155.49905 57.16674
155.41573 57.08341
155.33240 57.00008
155.24907 56.91675
154.83243 56.66675
154.83243 56.58342
154.83243 56.50009
154.83243 56.41676
154.83243 56.33342
154.83243 56.25009
154.83243 56.16676
154.83243 56.08343
154.74910 55.75010
154.74910 55.66677
154.74910 55.58344
154.83243 55.41677
154.83243 55.33344
154.83243 55.25011
154.83243 55.16677
154.91576 55.08344
154.91576 55.00011
154.91576 54.91678
154.91576 54.41679
154.91576 54.33345
154.91576 54.25012
154.91576 54.08346
154.91576 54.00013
154.91576 53.91679
154.91576 53.83346
155.24907 53.00014
155.24907 52.91681
155.33240 52.83348
155.33240 52.75014
155.41573 52.58348
155.49905 52.50015
155.49905 52.41682
155.49905 52.33348
155.58238 52.16682
155.83237 51.83349
155.91570 51.75016
155.99902 51.66683
156.08235 51.58350
156.24901 51.41683
156.33234 51.33350
156.33234 51.25017
156.33234 51.16684
156.33234 51.08350
156.24901 51.00017
156.16568 50.91684
155.99902 50.83351
155.83237 50.75018
155.74904 50.66684
155.66571 50.58351
155.66571 50.50018
155.58238 50.41685
155.33240 50.33352
155.16574 50.25018
155.16574 50.16685
155.16574 50.08352
155.16574 50.00019
155.24907 49.91685
155.58238 49.91685
155.74904 49.91685
155.83237 49.83352
155.99902 49.75019
156.16568 49.75019
156.33234 49.83352
156.33234 49.91685
156.33234 50.00019
156.33234 50.08352
156.41566 50.16685
156.49899 50.25018
156.58232 50.33352
156.74898 50.41685
156.83231 50.50018
156.99896 50.58351
157.33228 50.66684
157.41560 50.75018
157.49893 50.83351
157.58226 50.91684
157.66559 51.00017
157.74892 51.16684
157.83224 51.25017
157.83224 51.33350
157.99890 51.41683
157.99890 51.50016
158.08223 51.58350
158.16556 51.66683
158.24889 51.75016
158.33221 51.83349
158.41554 51.91682
158.49887 52.00016
158.58220 52.08349
158.66553 52.16682
158.66553 52.25015
158.49887 52.33348
158.49887 52.41682
158.49887 52.50015
158.58220 52.58348
158.66553 52.66681
158.66553 52.75014
158.58220 52.83348
158.99884 52.91681
159.33215 53.00014
159.74879 53.08347
999.00000 99.00000
140.08333 48.00022
140.16666 48.08355
140.24998 48.25021
140.33331 48.33355
140.41664 48.41688
140.49997 48.50021
140.58330 48.58354
140.66663 48.66687
140.66663 48.75021
140.74995 48.83354
140.83328 48.91687
140.83328 49.00020
140.83328 49.08353
140.91661 49.25020
140.91661 49.33353
140.91661 49.41686
140.91661 49.50019
140.91661 49.58353
140.91661 49.66686
140.99994 49.75019
140.99994 49.83352
140.99994 49.91685
141.08327 50.08352
141.16660 50.25018
141.33325 50.50018
141.58324 50.66684
141.74989 50.66684
141.66656 50.58351
141.66656 50.50018
141.74989 50.41685
141.83322 50.33352
141.83322 50.25018
141.83322 50.16685
141.83322 50.00019
141.83322 49.91685
141.83322 49.83352
141.83322 49.75019
141.83322 49.66686
141.83322 49.58353
141.83322 49.50019
141.83322 49.41686
141.83322 49.33353
141.83322 49.25020
141.83322 49.16687
141.83322 49.08353
141.74989 49.00020
141.74989 48.91687
141.74989 48.83354
141.66656 48.75021
141.66656 48.66687
141.66656 48.58354
141.74989 48.50021
141.74989 48.41688
141.74989 48.33355
141.83322 48.25021
141.83322 48.16688
141.74989 48.08355
141.74989 48.00022
141.74989 47.91689
141.74989 47.83355
141.74989 47.75022
141.83322 47.66689
141.83322 47.58356
141.83322 47.50023
141.91655 47.41689
141.91655 47.33356
141.91655 47.25023
141.91655 47.16690
141.91655 47.08356
141.91655 47.00023
141.91655 46.91690
141.83322 46.83357
141.74989 46.75024
141.66656 46.66690
141.66656 46.58357
141.66656 46.50024
141.66656 46.41691
141.66656 46.33358
141.58324 46.25024
141.58324 46.16691
141.58324 46.08358
141.49991 46.00025
141.49991 45.91692
141.49991 45.83358
141.49991 45.75025
141.41658 45.66692
141.41658 45.58359
140.91661 45.50026
140.91661 45.41692
140.91661 45.33359
140.91661 45.25026
140.91661 45.16693
140.99994 45.08360
140.99994 45.00026
141.08327 44.91693
141.16660 44.83360
141.24992 44.75027
141.24992 44.66693
141.24992 44.58360
141.16660 44.50027
141.16660 44.41694
141.24992 44.08361
141.33325 43.91695
141.33325 43.83361
141.16660 43.75028
141.16660 43.66695
141.08327 43.58362
140.99994 43.50029
140.91661 43.41695
140.83328 43.33362
140.41664 43.33362
140.24998 43.33362
140.24998 43.25029
140.24998 43.16696
140.33331 43.08363
140.33331 43.00029
140.33331 42.91696
140.16666 42.83363
140.08333 42.75030
999.00000 99.00000
143.08315 54.75011
143.24980 54.66678
143.33313 54.58345
143.33313 54.50012
143.33313 54.41679
143.41646 54.33345
143.41646 54.25012
143.41646 54.16679
143.33313 54.08346
143.41646 54.00013
143.58311 53.66680
143.66644 53.58347
143.66644 53.50013
143.74977 53.41680
143.74977 53.33347
143.83310 53.16681
143.83310 53.08347
143.91643 53.00014
143.91643 52.91681
143.99976 52.83348
144.08308 52.66681
144.08308 52.58348
144.08308 52.50015
144.08308 52.41682
144.08308 52.33348
144.08308 52.25015
144.08308 52.16682
144.08308 52.08349
144.08308 52.00016
143.99976 51.91682
143.99976 51.83349
143.99976 51.75016
143.99976 51.66683
143.99976 51.58350
143.99976 51.50016
143.99976 51.41683
143.99976 51.33350
143.99976 51.25017
143.99976 51.16684
143.99976 51.08350
143.99976 51.00017
143.99976 50.91684
143.99976 50.83351
143.99976 50.75018
144.08308 50.66684
144.08308 50.58351
144.08308 50.50018
144.08308 50.41685
144.16641 50.33352
144.16641 50.25018
144.24974 50.16685
144.24974 50.08352
144.33307 49.91685
144.41640 49.83352
144.41640 49.75019
144.49973 49.66686
144.49973 49.58353
144.58305 49.50019
144.58305 49.41686
144.58305 49.33353
144.58305 49.25020
144.74971 49.16687
144.74971 49.08353
144.83304 49.00020
144.91637 48.91687
144.91637 48.83354
144.99969 48.75021
144.99969 48.66687
145.08302 48.58354
145.08302 48.50021
145.08302 48.41688
145.08302 48.33355
145.16635 48.25021
145.33301 48.16688
145.24968 48.08355
145.33301 48.00022
145.33301 47.91689
145.33301 47.83355
144.66638 47.91689
144.49973 48.00022
144.24974 47.91689
144.08308 47.83355
143.91643 47.75022
143.66644 47.58356
143.49979 47.41689
143.33313 47.50023
143.33313 47.41689
143.41646 47.33356
143.41646 47.25023
143.41646 47.16690
143.41646 47.08356
143.58311 46.91690
143.66644 46.83357
143.66644 46.75024
143.66644 46.66690
143.66644 46.58357
143.74977 46.50024
143.74977 46.41691
143.74977 46.33358
143.83310 46.25024
143.66644 46.16691
143.66644 46.08358
143.58311 46.00025
143.58311 45.91692
143.16647 45.91692
142.91649 45.91692
142.74983 45.83358
142.66650 45.75025
142.66650 45.66692
142.66650 45.58359
142.66650 45.50026
142.74983 45.41692
142.83316 45.25026
142.91649 45.08360
142.99982 44.91693
143.08315 44.83360
143.24980 44.75027
143.41646 44.66693
143.58311 44.58360
144.16641 44.25027
144.24974 44.08361
144.41640 44.00028
144.74971 44.00028
144.91637 44.08361
145.08302 43.91695
145.41634 43.91695
145.58299 44.00028
145.66632 44.08361
145.74965 44.16694
145.83298 44.25027
145.91631 44.33361
145.99963 44.41694
146.08296 44.50027
146.33295 44.50027
146.49960 44.41694
146.58293 44.33361
146.66626 44.25027
146.66626 44.16694
146.74959 44.08361
146.74959 44.00028
146.91624 44.00028
146.83292 44.41694
146.83292 44.50027
146.83292 44.58360
146.99957 44.66693
999.00000 99.00000
147.08290 44.75027
147.16623 44.83360
147.33289 44.91693
148.08284 44.91693
147.74953 44.83360
147.66620 44.75027
147.58287 44.66693
147.41621 44.58360
147.33289 44.50027
147.24956 44.41694
147.33289 44.00028
147.33289 43.91695
147.33289 43.83361
147.08290 43.75028
147.08290 43.66695
146.91624 43.58362
146.74959 43.50029
146.58293 43.41695
146.41628 43.41695
146.41628 43.33362
146.24962 43.25029
145.74965 43.16696
145.66632 43.08363
145.49966 43.00029
145.33301 43.00029
145.24968 43.00029
145.16635 42.91696
145.08302 42.83363
144.74971 42.83363
144.16641 42.83363
143.99976 42.75030
143.91643 42.66697
143.83310 42.58363
143.74977 42.50030
143.66644 42.41697
143.66644 42.33364
143.58311 42.25031
143.58311 42.16697
143.58311 42.08364
143.58311 42.00031
143.33313 41.83364
143.16647 41.83364
142.99982 41.91698
142.83316 42.00031
142.66650 42.08364
142.49985 42.16697
142.33319 42.25031
142.08321 42.33364
141.91655 42.41697
141.41658 41.33365
141.41658 41.25032
141.33325 41.08366
141.33325 41.00032
141.49991 40.91699
141.49991 40.83366
141.58324 40.75033
141.66656 40.66700
141.74989 40.58366
141.83322 40.50033
141.91655 40.41700
141.99988 40.33367
141.99988 40.25034
142.08321 40.08367
